-2888 -85 7098 7 -24 42 12
-2877 -1 7182 13 -31 41 35
-2740 8 7184 2 -9 26 57
-2676 -18 7230 -31 -15 4 80
-2560 -9 7214 -20 26 13 107
-2710 -90 7268 -5 22 22 130
-2473 -64 7224 44 14 19 160
-2508 71 7461 46 77 37 189
-2565 165 7101 -6 85 43 219
-2620 213 7298 11 8 43 250
-2640 100 7429 -33 -23 48 278
-2595 40 7491 -63 -36 17 310
-2255 198 7333 -26 -8 34 344
-2310 -11 7240 -42 25 31 374
-2456 -301 7485 25 -8 37 404
-2430 -412 7367 23 57 33 435
-2551 -619 7397 -27 -3 14 467
-2520 -629 7589 42 40 50 508
-2520 -556 7352 -30 20 50 532
-2508 -744 7539 -5 14 74 562
-2619 -549 7457 -5 13 72 593
-2752 -717 7895 6 5 61 625
-2725 -684 8033 12 -11 52 653
-2605 -504 7726 -20 49 50 686
-2416 -617 7223 -80 43 49 718
-2462 -463 7004 10 23 94 752
-2307 -419 7174 -5 10 78 782
-2622 -468 7481 9 9 81 813
-2390 -453 7317 -23 104 71 842
-2523 -312 7212 -98 18 56 875
-2496 -523 7075 -52 28 59 907
-2572 -610 7250 -39 -1 59 942
-2606 -841 7760 -36 -42 60 972
-2460 -1002 7509 -89 53 66 1010
-2512 -1170 7653 -67 3 76 1043
-2490 -1451 7823 2 18 84 1073
-2806 -1629 8536 48 -6 103 1106
-2599 -1926 8205 -19 54 81 1142
-2557 -2085 7533 -74 42 83 1173
-2491 -2285 6860 -52 64 110 1210
-2243 -1833 6816 13 -23 143 1244
-2499 -1989 7331 -8 -41 134 1281
-2535 -1719 7479 -50 -6 146 1314
-2339 -1575 7545 -9 3 160 1350
-2514 -1741 7580 7 74 155 1383
-2384 -1593 7768 -25 49 94 1418
-2327 -1397 7522 -122 79 62 1450
-2422 -1558 7979 40 6 111 1488
-2356 -1590 8372 -1 2 137 1519
-2684 -1596 9074 -10 68 148 1558
-2467 -1684 8444 -57 92 134 1587
-2542 -1831 7785 -100 92 112 1623
-2422 -2009 7531 -58 18 131 1662
-2339 -2235 7589 -64 19 137 1697
-2570 -2536 7858 -46 23 129 1730
-2150 -2562 6988 -100 74 106 1767
-2329 -2791 6894 -41 80 131 1802
-2299 -2567 6987 63 17 153 1839
-2451 -2500 7158 -3 74 165 1872
-2358 -2280 7210 -70 -2 121 1907
-2690 -2195 7640 -39 -10 162 1942
-2593 -2353 8356 -23 12 150 1979
-2952 -2240 8703 -56 92 164 2015
-2897 -2362 9118 10 4 146 2048
-2827 -2751 9231 -91 -20 97 2094
-2650 -2878 8700 -152 8 87 2116
-2107 -2873 7527 -141 43 100 2153
-2157 -2949 7418 10 20 164 2188
-2251 -2603 7276 -66 80 181 2224
-2143 -2453 6976 -118 28 137 2258
-2337 -2599 7535 81 -6 180 2296
-2449 -2217 7530 -9 63 159 2328
-2569 -2302 7502 -99 51 91 2367
-2032 -2224 6648 -162 56 83 2397
-2187 -2160 7299 64 -53 168 2434
-2258 -2194 8430 30 -43 129 2468
-2256 -2067 8867 -136 48 119 2504
-2057 -2373 8460 3 8 119 2541
-2044 -2145 8288 8 83 102 2572
-1904 -2352 8059 -74 -9 60 2605
-1965 -2429 8031 25 -12 126 2644
-1684 -2448 7854 -57 -48 91 2674
-1829 -2399 7256 -86 42 125 2711
-1588 -2144 6822 -57 -5 114 2746
-1918 -2067 7469 100 15 149 2782
-2097 -1695 7907 17 85 156 2816
-2250 -1746 8384 -92 -19 94 2852
-2171 -1514 7742 -70 75 82 2886
-2258 -1502 7702 -43 23 52 2921
-1979 -1574 8063 -25 -4 43 2954
-2103 -1985 8632 24 -43 78 2990
-2089 -2302 8079 -102 6 44 3024
-1837 -2340 7828 32 -17 60 3058
-2018 -2042 7674 120 82 99 3091
-1874 -1667 8150 -42 -14 61 3127
-1855 -1710 8348 7 -41 94 3171
-1761 -1623 8587 30 -18 98 3193
-1597 -1354 8402 -68 42 34 3231
-1664 -1231 7513 -56 76 80 3263
-1665 -1238 7616 31 16 56 3299
-1488 -1245 7473 33 70 49 3331
-1650 -1119 7805 -31 -3 51 3364
-1698 -1053 7921 -4 -22 72 3400
-1780 -917 7723 -14 32 77 3432
-1576 -646 7813 -8 -43 66 3467
-1780 -890 7755 -16 -2 52 3499
-1642 -575 7793 -7 -7 68 3533
-1641 -460 7821 10 32 63 3566
-1493 -245 7687 -36 75 49 3597
-1383 13 7212 -34 49 52 3630
-1478 -24 6889 -30 50 49 3662
-1916 -80 7599 5 -107 47 3698
-1645 -163 7634 -15 -33 27 3726
-1658 -251 8112 -22 5 -31 3760
-1747 -720 7684 -3 50 -20 3796
-1364 148 7982 51 50 -28 3826
-1608 -448 7946 40 -8 -16 3859
-1865 -641 7871 -40 -19 16 3894
-1895 -618 7545 -33 -12 29 3927
-1896 -755 7712 12 -10 41 3961
-1738 -670 7907 -19 -17 12 3995
-1506 -417 7768 -50 26 -20 4028
-1414 -705 8190 14 -95 -18 4065
-1164 -274 8150 4 -90 -7 4097
-1518 -439 8484 23 -39 4 4130
-1301 -180 8143 -5 23 26 4167
-1312 -427 7892 11 65 23 4194
-1232 -111 7866 61 19 56 4235
-1297 -114 7830 45 39 57 4257
-1375 308 7629 -31 52 41 4292
-1190 625 7015 -1 91 83 4322
-1169 806 7766 12 14 60 4354
-1443 596 8122 27 -10 15 4385
-1595 766 8513 47 -58 -17 4417
-1061 1059 7626 -81 56 -97 4452
-1059 1086 7121 -94 -25 -121 4485
-950 863 7522 28 -59 -83 4523
-983 571 7459 25 -22 6 4555
-885 647 7764 -1 -68 -18 4583
-581 487 7634 -67 55 -40 4616
-930 404 7826 66 -72 -36 4650
-871 449 8067 102 -27 -83 4680
-916 284 8130 24 -14 -87 4713
-961 326 8111 43 23 -51 4751
-625 639 7872 13 -15 -28 4776
-656 210 7610 29 -12 -23 4812
-512 329 7203 13 82 18 4841
-967 172 8363 101 -70 30 4872
-818 310 7754 62 18 5 4904
-727 519 7602 4 93 -21 4933
-612 893 8205 -6 -67 -31 4963
-708 835 8100 10 23 -54 4997
-658 762 8235 64 12 -83 5026
-834 514 8168 41 -2 -37 5060
-630 882 7895 15 15 -48 5089
-543 837 7412 -1 43 -54 5120
-538 838 7546 20 -8 -67 5152
-665 504 7967 35 -50 -40 5188
-292 679 7764 4 -12 -40 5213
-397 798 7855 -29 -11 0 5248
-505 519 8369 26 -32 -10 5282
-133 586 8156 69 21 -50 5309
-198 646 8169 -53 21 -66 5341
-205 445 7872 -65 -35 -79 5373
-56 103 7715 38 -53 -37 5409
-129 20 7984 36 3 -11 5437
-19 -43 8207 36 40 -14 5467
-267 44 7985 -13 52 -56 5497
-444 -93 8011 33 40 -34 5528
-268 -16 8029 40 -41 -13 5559
-429 -157 8817 24 -61 -20 5592
-295 -128 9109 -29 -25 -28 5627
-390 -161 8505 -76 5 -64 5659
-273 -321 7475 -10 48 -30 5691
-333 -618 7448 66 -3 -10 5726
-379 -780 7397 41 32 13 5757
-315 -450 7911 -55 33 25 5788
-205 -490 8261 -15 -62 39 5826
-283 -576 8190 -28 50 34 5854
-398 -686 8245 -11 47 -32 5886
-184 -170 8699 9 4 -10 5920
-145 -539 8686 -31 4 -23 5949
47 -1107 7843 -68 44 -51 5983
4 -1716 7415 -49 -7 -61 6017
-491 -2140 7508 44 -70 -6 6045
-768 -2398 8098 136 21 75 6078
-680 -1705 8827 -20 2 63 6118
-173 -1724 8794 -72 -87 30 6144
-106 -1646 8943 -73 -75 37 6179
-71 -1745 8902 -62 -24 -13 6214
260 -1556 8396 -121 -42 10 6246
351 -2074 8345 14 -17 66 6283
218 -2099 8173 -14 12 69 6314
153 -2233 8513 36 39 70 6351
222 -2049 8349 10 67 65 6375
109 -1940 7994 -54 64 54 6410
31 -2129 8082 11 52 85 6441
-104 -2072 8688 89 -2 83 6470
-58 -2264 9141 -10 25 94 6502
-242 -2244 8958 -90 2 65 6535
101 -2366 8740 -44 -25 66 6569
126 -2362 8541 -32 -13 83 6600
110 -2344 8141 -59 18 71 6633
329 -2607 8193 21 -14 80 6669
234 -2408 7876 -43 26 100 6699
88 -2294 7892 -50 7 91 6732
360 -2513 8098 68 -5 106 6761
175 -2343 8112 -79 67 114 6794
215 -2410 8361 -26 -12 89 6829
287 -2522 8482 74 -13 110 6861
221 -2974 8969 -84 12 89 6899
408 -2908 8937 21 -22 70 6927
459 -2725 8812 -27 33 86 6958
325 -2939 8844 -49 3 115 6991
235 -2814 8581 36 30 130 7022
132 -2753 8961 -30 41 130 7057
164 -2804 8921 -6 52 119 7088
364 -2794 8736 -69 28 83 7121
479 -2785 8420 -77 18 89 7152
600 -3038 8023 3 -6 117 7190
317 -2889 8342 32 22 148 7216
141 -2896 8654 31 17 125 7248
258 -2572 8801 -26 18 109 7280
280 -2758 8673 -18 37 111 7316
338 -2692 8748 -4 28 135 7347
-79 -2522 8575 -31 50 156 7379
68 -2473 8242 -63 3 111 7419
-54 -2615 8077 -77 22 112 7442
170 -2914 7967 -70 1 106 7478
-13 -2898 8276 37 19 132 7509
117 -2906 8126 -77 39 125 7544
130 -2774 8360 37 8 122 7575
108 -3112 8886 52 22 129 7606
8 -2990 9348 -20 21 138 7638
41 -2918 8769 -104 11 114 7670
37 -3069 8379 -25 -7 155 7704
138 -2836 8118 -34 -25 119 7735
-44 -2848 7942 -91 34 155 7769
52 -2811 8017 14 -28 143 7808
43 -2577 8361 5 7 164 7834
12 -2980 8714 -31 29 148 7864
189 -2875 8818 6 14 124 7896
321 -3056 8619 -30 37 115 7928
240 -3267 8594 -37 11 132 7965
222 -3054 8309 15 -20 154 7994
-15 -3271 8336 -62 -9 160 8027
73 -2780 7980 -23 -3 122 8068
109 -2673 7984 -16 43 150 8092
69 -2380 8332 -11 35 180 8126
-74 -1976 8790 -103 -84 174 8158
-8 -2377 9193 -99 -89 125 8196
331 -2588 8944 -55 28 77 8227
575 -2472 9036 -42 3 117 8260
575 -3095 8379 -40 93 146 8291
368 -3569 8223 -22 30 160 8325
-54 -3167 8177 13 47 160 8360
53 -2929 7860 -40 0 100 8390
-55 -2630 7569 -48 56 144 8421
-25 -2302 7499 113 57 190 8455
-205 -2289 8120 -51 53 148 8493
-163 -2299 8636 -57 -48 101 8523
223 -2193 8271 -110 10 90 8560
79 -2653 8847 26 -35 127 8591
153 -2583 9690 107 -63 149 8623
-81 -2585 9586 -69 26 119 8659
50 -2703 8625 -103 19 80 8691
187 -2786 8025 13 30 113 8723
109 -2797 8081 29 13 158 8757
55 -2566 7881 -3 16 144 8788
-52 -2281 7914 36 9 157 8819
-100 -2315 7893 31 84 171 8850
-61 -1818 7648 -64 39 172 8883
-98 -1902 8049 -20 21 162 8918
-8 -1889 8007 -46 40 102 8951
162 -1398 8169 -76 -36 130 8982
240 -1998 7965 -57 -7 107 9021
42 -2597 7758 -42 -14 116 9050
-55 -3003 8049 40 -44 120 9086
-118 -3112 8420 38 -21 109 9116
-106 -2954 8010 -36 -14 109 9150
-74 -2763 7690 -16 -32 117 9187
97 -2586 7793 -22 -35 134 9226
72 -2643 8159 -10 -33 169 9252
131 -2515 8667 44 -3 167 9288
-19 -2300 8668 -24 34 159 9319
38 -2084 8066 -80 38 138 9355
56 -1832 7786 -37 12 180 9385
182 -1847 8259 -40 -18 167 9416
-19 -2052 8402 -80 -39 124 9451
248 -2110 8405 -121 -44 98 9487
429 -2689 7922 -112 71 132 9520
255 -3193 7213 -73 46 140 9559
188 -3243 7425 56 -7 138 9587
15 -3330 8422 -15 18 144 9627
-136 -3200 8677 -26 -11 152 9650
-38 -3301 8739 -19 21 161 9689
19 -2953 7961 -90 26 148 9723
170 -2975 7906 2 -5 156 9752
118 -3338 8753 22 -36 169 9784
265 -3043 9050 -27 -51 153 9817
201 -3038 9355 -1 -4 168 9854
351 -2936 8967 -32 13 142 9883
238 -2794 8798 18 38 160 9917
315 -2630 8605 -78 120 159 9951
222 -2506 7838 -72 49 182 9984
219 -2669 7596 -8 -10 146 10017
-9 -2830 7859 -78 73 197 10052
-395 -2840 7914 55 -4 188 10094
-486 -3066 8154 14 53 176 10120
-909 -2872 8126 -72 74 189 10153
-1020 -2908 7976 8 -6 139 10190
-812 -2747 7948 -99 54 143 10222
-1034 -2980 8175 -43 -2 151 10260
-1011 -3244 8562 -17 -43 134 10294
-1160 -3658 8634 -131 33 154 10333
-817 -3467 7796 0 32 152 10371
-1164 -3717 8012 -8 -33 164 10404
-1192 -3529 8294 -12 -7 164 10440
-1009 -3560 8133 -104 7 158 10475
-964 -3568 7858 -9 7 172 10513
-839 -3516 7934 -20 20 184 10548
-945 -3431 8054 -6 12 195 10581
-946 -3615 8362 -5 12 172 10621
-842 -3412 8056 -121 27 159 10649
-772 -3560 8173 14 -24 150 10687
-599 -3531 8195 -62 18 172 10721
-769 -3573 7849 -102 23 185 10758
-950 -3850 7970 78 0 214 10793
-950 -3846 8381 -74 1 161 10828
-1024 -3865 8666 21 -4 140 10860
-761 -3741 8347 -68 35 144 10897
-979 -3681 8109 -34 11 177 10931
-893 -3602 8399 -7 -20 162 10968
-1040 -3486 8538 -42 7 173 11002
-872 -3645 8947 17 -22 136 11039
-798 -3778 9039 -42 57 146 11074
-791 -3725 8345 -71 72 144 11107
-879 -3606 7504 -4 73 169 11148
-887 -3427 7102 -65 36 192 11178
-1264 -3457 7804 57 -54 177 11216
-1048 -3284 8056 -35 -7 143 11249
-1326 -3412 8446 -1 14 121 11287
-1005 -3279 7947 -16 55 94 11321
-1192 -3016 7562 -27 52 137 11364
-1185 -2793 7996 88 -80 134 11393
-989 -2616 8868 31 -107 135 11429
-1060 -2763 8796 -74 -19 117 11467
-825 -2541 7460 -99 82 110 11505
-819 -2455 7450 57 37 120 11543
-1139 -2353 8325 142 -17 111 11573
-1099 -2109 8805 18 80 118 11612
-1173 -2163 8249 -66 117 97 11646
-1205 -2109 7692 -12 41 61 11687
-1259 -2041 7904 86 53 91 11717
-1438 -1964 8821 71 18 103 11754
-1417 -1875 8300 -45 95 97 11787
-1577 -1596 7868 -19 48 77 11824
-1594 -1723 7398 33 98 88 11858
-1656 -1543 7723 37 -6 66 11894
-1656 -1725 8341 91 -53 39 11926
-1503 -1281 8440 -22 46 53 11963
-1402 -1374 8052 -57 -20 18 11997
-1216 -1398 7978 56 -59 28 12036
-1251 -1019 7872 23 -14 39 12071
-1258 -804 7630 0 6 80 12103
-1208 -778 7697 25 52 107 12135
-1316 -524 7600 36 47 117 12172
-1355 -491 7811 -10 -14 55 12214
-1182 -194 7612 10 51 30 12240
-998 100 7755 50 3 4 12272
-732 244 7684 18 52 -28 12302
-832 566 7928 14 41 -41 12334
-478 272 7561 -12 5 -1 12368
-618 405 7566 -22 27 10 12397
-996 272 7730 18 -38 41 12430
-987 338 7539 -7 39 61 12462
-1196 83 7852 -18 32 23 12493
-842 -98 8004 8 18 -44 12527
-686 34 7765 -8 30 -96 12557
-662 -115 7808 -2 -8 -118 12588
-632 54 7827 34 -59 -30 12622
-624 -347 8114 33 -29 -20 12656
-487 -378 8089 32 -4 8 12689
-638 -181 8289 7 -30 -25 12720
-753 72 8305 41 -13 -16 12759
-694 -147 8206 7 -32 -36 12786
-494 -96 8196 -8 -34 -45 12818
-296 -52 8354 7 -18 -51 12852
-111 133 8092 -12 41 -57 12886
98 162 8243 -26 -26 -85 12918
405 38 8123 -5 -30 -65 12949
549 22 8323 2 -90 -66 12981
867 -55 8054 -18 -50 -20 13011
640 -122 7797 2 14 -11 13047
363 -303 7922 20 25 -4 13075
205 -145 8402 78 -5 -9 13106
168 -236 8738 43 50 2 13138
238 -165 8736 -37 22 -42 13168
360 -96 8451 -4 -9 -53 13203
272 -167 8277 -4 -24 -29 13231
724 -305 8720 18 -67 -22 13273
737 -242 8609 -3 35 2 13298
536 -430 8082 -23 6 -21 13329
220 -481 7596 119 88 37 13366
143 -369 7617 70 148 2 13394
-412 -203 7948 63 24 20 13429
-333 280 8269 65 48 15 13457
-339 645 7943 -4 21 -12 13488
-327 1144 7506 -50 52 -35 13523
-303 1238 8031 18 -28 -40 13555
303 1422 7832 -21 -27 -78 13591
157 1103 8493 15 -75 -66 13623
304 931 8338 49 10 -38 13657
-154 417 8320 53 0 -67 13691
-237 243 7970 72 44 -62 13717
-562 55 7680 3 59 -65 13753
-875 -48 7784 60 -19 -9 13782
-756 22 7996 26 -10 -1 13820
-808 95 8236 33 2 -18 13843
-605 242 7821 -26 28 -40 13875
-829 381 7768 -3 -15 -79 13911
-416 339 7629 58 -3 -37 13942
-586 400 7960 21 -27 -44 13974
-348 469 8259 8 -8 -42 14009
-479 528 8120 -63 27 -58 14039
-694 339 7995 47 -29 -37 14072
-363 481 7829 18 9 -17 14104
-816 243 7847 35 -32 -3 14138
-765 402 8069 22 -67 -18 14174
-622 316 8127 1 -4 -55 14202
-552 213 8044 51 -13 -46 14232
-321 387 8163 6 0 -70 14268
-400 376 7858 24 -2 -36 14297
-342 598 7051 -41 68 -25 14333
-544 526 7829 37 -33 12 14361
-496 809 7943 42 -12 32 14394
-674 723 8067 -23 25 -17 14429
-604 910 7658 -54 24 -61 14460
-417 657 7753 -3 -10 -93 14492
-525 704 8144 55 -60 -80 14528
-438 741 8192 -27 44 -18 14560
-701 567 7994 17 11 -37 14593
-1022 412 8108 102 54 -49 14627
-1345 175 7935 69 36 -64 14659
-2027 239 7437 24 39 -37 14695
-2147 192 7782 34 50 -3 14726
-2130 161 7862 48 17 -16 14758
-1855 362 7617 -29 -12 -75 14791
-1705 906 7367 -80 -43 -55 14829
-1473 983 7548 -15 -73 -18 14867
-1362 1070 7979 70 -8 -45 14897
-1395 1146 8040 -31 30 -53 14934
-1578 826 8259 7 -15 -96 14967
-1288 532 7899 59 40 -99 15000
-1802 192 7564 50 -24 -77 15035
-1697 240 7516 61 10 -15 15069
-1863 140 7762 47 0 -24 15103
-1751 360 7530 2 -2 -34 15133
-1723 546 7438 -18 -13 -26 15165
-1508 713 7326 13 14 -63 15206
-1569 639 7701 30 -12 -62 15234
-1631 674 8149 30 -23 -73 15269
-1552 574 8009 9 11 -77 15304
-1455 452 7802 40 5 -66 15336
-1440 533 7238 -8 34 -60 15367
-1629 376 7505 51 -65 -27 15406
-1445 341 7345 21 -6 16 15435
-1681 427 7458 0 35 -34 15473
-1856 498 7718 10 19 -18 15498
-1621 608 7371 -4 49 -73 15534
-1774 542 7370 12 57 -75 15566
-1588 652 7073 -1 -13 -95 15602
-1612 351 7467 18 -54 -72 15633
-1642 391 7825 22 -59 -37 15670
-1634 252 8286 38 -59 -50 15702
-1768 374 8660 43 -29 -26 15740
-1684 442 8214 -28 24 -50 15770
-1752 223 8128 32 -14 -25 15805
-1484 368 7581 7 12 -34 15841
-1578 260 7308 -31 3 -36 15873
-1574 412 6964 -36 0 -13 15906
-1528 286 7277 37 -6 10 15943
-1688 349 7844 104 2 31 15971
-1720 551 8449 52 53 -13 16003
-1763 800 8102 16 99 -77 16038
-1536 739 7394 -28 68 -124 16069
-1858 197 7172 14 -60 -71 16107
-1804 65 6773 64 -75 -38 16139
-1823 104 7077 2 -115 -7 16173
-1955 367 7703 -22 -49 46 16212
-1840 456 7630 -20 4 9 16240
-1894 535 7628 17 30 -34 16271
-1660 604 7887 16 -63 -111 16306
-1379 605 7677 -1 42 -92 16340
-1303 181 7420 -41 -15 -102 16374
-1443 -205 7304 39 -35 -22 16411
-1611 -160 7585 41 2 32 16446
-1785 81 7984 62 67 61 16481
-1868 288 8067 10 71 14 16509
-1814 552 7741 -26 107 -36 16540
-1913 557 7423 -56 -45 -115 16577
-1809 424 7477 -20 -105 -92 16612
-1650 48 8305 65 -23 -15 16651
-1537 71 8638 -6 -35 -32 16682
-1738 -101 7757 -29 40 -35 16718
-1911 -300 7393 30 -6 -26 16750
-1838 -214 7244 66 11 -9 16787
-1651 -148 7310 -2 -42 -14 16818
-1650 97 7418 -10 -49 -1 16856
-1582 272 7405 -33 0 0 16887
-1451 213 7712 28 7 -21 16918
-1438 444 8095 46 26 -21 16950
-1474 443 8484 -3 22 -40 16986
-1436 491 7692 -46 36 -43 17027
-1416 200 7733 -5 -39 -61 17049
-1320 -180 7752 80 -66 -22 17087
-1787 -117 7901 5 45 25 17123
-1650 -104 7463 11 103 1 17154
-2012 -25 7573 50 34 7 17187
-2029 143 7646 43 19 5 17217
-2054 402 7841 5 -8 -36 17249
-1648 835 7926 -68 -13 -71 17284
-1501 642 7701 -117 -62 -110 17317
-1055 148 7724 44 -57 -32 17356
-1142 -49 8054 96 -6 -11 17388
-1390 -169 7789 -24 35 -21 17423
-1437 -295 7352 24 19 -33 17457
-1350 -92 6961 30 -42 -35 17493
-1522 -218 7651 61 -61 13 17531
-1360 100 7884 -9 19 -10 17563
-1471 259 7995 -20 9 -18 17593
-1315 397 7894 4 16 -15 17626
-1070 229 7852 -27 -56 -65 17661
-959 253 7943 36 -44 -54 17695
-879 -117 7490 -35 7 -49 17729
-1070 -626 8272 136 -96 -7 17760
-678 -354 7774 58 140 -6 17796
-1528 -255 8130 3 -13 -4 17832
-1221 129 7687 -2 18 -18 17862
-1154 110 7832 10 19 -41 17895
-911 601 8025 -9 -36 -24 17931
-816 556 8085 -41 -21 -14 17963
-934 391 8119 25 -10 -44 17999
-974 357 8103 23 54 -36 18029
-812 205 7829 10 -15 -23 18068
-896 167 7539 28 13 -19 18094
-785 284 7514 -20 -52 -49 18130
-897 219 7747 19 -65 -19 18161
-614 181 7674 -65 -18 -61 18197
-674 74 7698 12 45 -20 18236
-718 -20 7864 33 20 -23 18259
-665 -153 7984 52 -5 -16 18293
-639 -139 8227 34 -32 -41 18328
-588 -42 8049 -26 4 -31 18360
-514 -133 8115 25 -45 -25 18393
-370 -133 8006 23 -1 -19 18429
-655 -7 8131 -5 -15 -18 18460
-194 247 8284 2 23 -24 18494
-305 400 8279 -12 29 -10 18522
-336 778 8606 24 39 -15 18559
-255 472 8902 40 89 -14 18596
-528 688 8413 4 105 -2 18620
-691 806 8036 22 53 -81 18655
-996 579 7993 51 -12 -53 18686
-896 621 7960 28 5 -38 18720
-1005 485 8280 66 -12 2 18749
-1209 840 8158 7 32 6 18784
-1178 774 8010 -5 54 -47 18811
-966 528 8104 -21 -76 -91 18848
-699 682 7434 -52 -27 -72 18884
-700 183 7909 -6 -104 -49 18914
-201 210 7763 64 -35 -31 18948
-618 252 7547 -1 13 -39 18984
-545 145 7324 44 34 -18 19013
-602 18 7369 100 79 3 19046
-576 101 7241 48 -1 -40 19076
-766 510 7558 16 -64 -36 19109
-591 808 7913 -7 -55 -26 19147
-527 807 8407 35 -55 -31 19175
-490 910 7894 -47 43 -58 19211
-499 777 7648 18 19 -25 19242
-429 463 8103 50 -17 -31 19274
-41 624 7880 3 6 -54 19307
-118 652 7598 -49 8 -68 19337
-508 294 8058 88 -3 11 19370
-91 545 8294 94 15 -12 19399
-296 676 8234 -2 112 -51 19431
-444 932 7886 -64 7 -104 19465
-185 508 7836 33 -54 -66 19499
-242 387 8241 51 -60 -31 19531
7 731 8189 -52 -37 -64 19563
8 671 8179 -38 -7 -49 19595
221 556 7846 -24 -30 -78 19630
385 471 7809 46 25 -29 19663
391 356 7519 -5 19 -35 19689
-9 247 8022 77 -20 -32 19722
107 330 8010 4 42 -41 19752
-206 121 7925 31 1 -34 19782
-185 277 7950 61 16 -27 19813
-162 252 8425 -4 -22 -42 19848
-82 483 8216 9 -37 -48 19879
-144 229 8503 26 -24 -20 19910
94 253 8135 11 21 -35 19943
-31 112 8091 27 -16 -43 19974
167 193 7765 -26 16 -37 20008
59 143 7701 28 -3 -33 20038
82 281 7951 30 10 -15 20068
-139 409 8763 83 -26 8 20099
98 617 8970 12 51 -34 20130
73 552 8473 -53 40 -48 20159
-68 351 8519 -7 -49 -72 20201
231 262 8239 15 8 -28 20226
70 151 8204 42 -33 -24 20251
155 339 8003 -45 31 -11 20286
61 248 7751 28 -32 -30 20317
16 306 8177 73 -16 -18 20348
130 257 8221 18 63 -8 20379
-107 496 8248 -14 8 -39 20409
106 498 7723 -45 29 -42 20444
80 464 7709 -14 -30 -25 20474
279 495 7618 -28 -53 -46 20506
147 221 8165 33 -85 -24 20539
225 191 8238 -4 6 -34 20574
302 144 8178 -4 9 -68 20600
141 125 8647 83 18 -29 20636
207 273 8186 -16 77 -42 20663
-27 -10 8063 -5 -14 -48 20696
184 -108 7806 34 -27 -25 20734
9 -34 7771 25 -18 -1 20759
54 12 7597 -22 -3 -21 20790
109 214 8152 20 0 -15 20823
204 375 8298 41 -5 -9 20848
391 527 8709 43 24 -31 20882
278 618 8913 -18 10 -26 20912
353 412 8466 -5 17 -59 20945
347 191 7947 -11 11 -59 20975
380 -74 8114 7 -85 -52 21007
286 -48 8139 41 -42 -18 21039
155 157 8239 16 55 -12 21074
137 287 8445 41 38 -29 21102
47 524 8126 36 114 -17 21133
141 303 7760 -12 53 -62 21165
-109 194 8047 60 -45 -72 21198
134 168 7705 -17 -40 -45 21231
145 174 7931 17 -39 -33 21281
239 134 7797 -30 -21 -14 21305
26 79 7903 46 -34 -14 21331
244 406 7884 7 41 21 21359
230 386 8144 0 1 -31 21386
346 449 8527 1 12 -25 21420
694 646 8350 -40 6 -37 21445
723 427 7875 -27 -17 -69 21480
730 166 8046 17 -24 -29 21512
702 126 7914 57 -41 -28 21545
499 9 8444 20 25 14 21581
619 323 8169 -3 61 -31 21605
419 299 8256 53 57 -19 21636
296 193 8228 36 76 -46 21670
94 352 8500 -11 -5 -42 21698
331 456 8583 -32 -6 -27 21729
439 305 8193 -28 -15 -51 21762
539 -101 8407 35 -18 -43 21801
563 -291 8340 18 4 -40 21828
415 -485 8738 43 -7 -22 21859
412 -410 9006 36 14 -8 21891
203 -336 8338 -43 32 -8 21924
265 -367 7972 -31 -22 -23 21956
180 -451 8079 -18 -45 -3 21989
399 -639 8046 17 2 6 22022
401 -536 7912 -47 18 -14 22053
391 -655 7932 -14 33 -17 22086
478 -834 7902 67 35 -8 22123
396 -963 8586 96 -36 22 22149
394 -719 8524 -11 20 21 22183
109 -684 8526 -30 -24 12 22215
273 -471 8665 16 -34 -1 22247
574 -623 8602 -13 20 18 22279
323 -508 8505 -21 -31 -4 22314
422 -567 8473 -20 -9 -3 22354
474 -534 8042 -17 12 -10 22378
543 -629 7810 -24 39 13 22411
493 -861 8422 43 -61 30 22445
691 -557 7994 -67 31 17 22475
599 -607 8308 -16 28 5 22507
579 -652 8285 39 8 14 22539
664 -571 8358 -6 78 29 22569
323 -708 8282 -37 17 9 22599
365 -729 8541 14 -33 14 22632
550 -946 8579 -5 -17 -5 22664
655 -1298 9158 51 -62 -12 22696
829 -1114 9153 9 50 9 22730
795 -938 8520 -15 48 43 22761
765 -771 7947 -13 37 25 22793
653 -825 8151 70 -7 24 22824
739 -631 8042 -2 82 50 22861
602 -713 8187 -30 -1 22 22885
654 -507 8737 29 -48 15 22922
969 -303 8475 -40 14 -10 22952
986 -587 8296 -16 36 -14 22984
1102 -555 8066 -10 -13 8 23017
1039 -650 7584 -6 18 19 23053
729 -913 7667 58 -31 32 23083
570 -1250 8043 74 -9 69 23116
486 -935 8722 17 -40 10 23149
628 -621 9419 54 -95 13 23181
1194 -232 8864 -34 37 -19 23212
1273 -264 8530 -65 -17 -12 23247
1548 -490 8261 -85 -133 -2 23283
2013 -787 8068 -7 -71 21 23319
1757 -939 8578 -69 -61 49 23350
1762 -1018 9094 -8 -49 22 23390
1863 -1113 8759 36 -15 8 23420
1939 -1374 8915 -4 85 11 23452
1742 -1929 8221 -6 48 1 23487
1837 -2099 7806 6 3 6 23518
1603 -2418 8249 -28 -58 29 23549
1613 -2250 8237 -31 -30 96 23589
1826 -2009 7780 -53 72 69 23618
1596 -1752 7674 -20 3 92 23653
1470 -1754 9109 176 -73 109 23689
1784 -1468 9846 147 108 120 23723
1367 -878 9382 -34 51 51 23761
918 -591 8735 39 122 83 23792
466 -317 7506 152 128 111 23827
-67 -305 8002 134 194 161 23859
-542 82 8572 17 -1 92 23896
-405 628 7645 -100 28 63 23928
-216 824 7553 -105 3 33 23957
-131 1057 7486 -51 1 37 23989
182 1322 7332 -26 24 46 24021
402 1315 7554 -33 -69 -26 24056
397 894 7927 9 22 19 24096
176 647 8038 71 -32 10 24119
207 345 8034 51 24 25 24148
-159 59 8003 84 -30 -33 24184
-608 13 8272 16 -4 -27 24209
-924 1 7881 -36 33 -6 24244
-561 69 7379 6 76 -23 24271
-587 -55 7647 -3 -22 -18 24304
-448 -6 8372 58 -60 12 24336
-109 278 8472 -58 -30 -25 24367
-382 194 8660 -13 -26 -52 24403
-62 269 8121 -6 43 -22 24435
32639 32639 32639 -21648 7740 -32357 24474
-300 -170 8094 48 -36 -28 24514
-709 -242 8343 41 -34 23 24546
-515 -98 7754 -38 -3 -18 24582
-592 -108 7647 37 59 -14 24613
-553 -196 7697 15 29 -27 24646
-542 -8 7800 22 18 -8 24681
-475 269 8027 16 7 18 24709
-244 601 8013 -20 56 1 24742
-428 539 8114 -8 3 -41 24771
-353 563 7885 -43 27 -17 24802
-473 149 7739 -26 -25 -25 24836
-430 -161 8093 34 -29 6 24872
-476 -255 8105 -19 3 15 24902
-553 -265 7829 -71 3 -15 24934
-738 -628 8203 49 -24 -1 24970
-541 -616 8471 52 -17 12 25005
-335 -405 8433 -79 12 -14 25035
-478 -686 8344 -36 -59 -49 25070
-208 -844 8328 50 -9 -25 25104
-261 -1108 8342 -3 4 17 25139
-398 -1202 8105 21 -10 23 25170
-535 -979 7986 8 10 69 25203
-557 -875 7797 45 29 44 25235
-569 -669 8367 44 -30 39 25269
-327 -403 8204 -15 26 34 25301
-371 -296 8103 -15 4 9 25334
-305 -368 8029 -56 -32 11 25367
-205 -461 7683 -26 24 40 25399
-245 -575 7836 23 -39 17 25433
-144 -509 8361 34 -15 62 25468
-304 -648 8509 27 43 71 25499
-164 -261 8161 -23 82 53 25537
-166 -82 7868 -16 118 44 25563
-286 239 8057 9 13 48 25600
-146 414 8188 -8 -2 54 25632
-34 363 8257 -18 24 37 25659
-113 417 7990 -47 26 22 25691
-273 256 7911 -29 40 12 25724
-510 148 8200 76 -16 21 25756
-497 157 7914 0 47 21 25787
-724 54 7596 -59 37 9 25817
-1060 -162 7783 38 -37 9 25848
-997 -133 7373 49 44 13 25880
-1736 -197 7614 28 44 46 25915
-1991 -320 8268 80 -10 28 25946
-1777 135 7312 -8 116 -10 25986
-2060 89 7452 55 135 -13 26016
-1839 -98 7235 56 -15 -20 26053
-1960 240 7211 41 -26 -11 26087
-2067 591 7709 47 -84 9 26118
-1856 880 7826 -3 -78 8 26149
-1859 996 7829 16 0 7 26183
-1761 1072 7647 -21 -18 -39 26210
-1853 960 7866 36 3 -31 26250
-1688 1091 7648 22 32 -28 26280
-1673 1158 7753 -37 5 -45 26316
-1562 980 8201 62 -34 -11 26348
-1520 1249 8010 8 21 -45 26385
-1795 731 8259 49 51 -64 26416
-1403 1173 7355 -54 78 -84 26452
-1864 793 7346 18 -8 -69 26485
-1818 701 7282 81 -53 -50 26519
-1753 606 7309 54 -21 -20 26554
-1980 1073 7080 -29 -10 -65 26593
-2133 882 7403 77 -25 -44 26624
-1705 745 6724 56 86 -92 26658
-2201 1078 7510 69 -54 -102 26692
-1786 1153 7297 36 -16 -105 26727
-1817 1548 7033 -22 -9 -101 26766
-1849 1950 7564 27 -73 -70 26802
-1679 1771 7382 -8 -44 -54 26836
-1756 2016 7878 -15 -63 -93 26873
-1636 2335 8035 -12 -20 -121 26909
-1591 2339 7724 -35 -7 -180 26944
-1339 2295 7936 6 -47 -177 26982
-1284 1659 7799 57 -34 -106 27019
-1551 1450 7702 34 -37 -109 27054
-1599 1353 7233 14 61 -145 27091
-2226 1349 7656 135 -14 -124 27131
-1885 1393 7386 118 3 -133 27162
-2156 1591 7486 26 -32 -131 27200
-1992 1486 7613 74 -32 -153 27234
-2082 1760 7087 12 28 -134 27272
-2043 1828 6876 32 44 -156 27308
-2031 1964 6794 -22 -41 -148 27342
-2172 1957 7149 27 -97 -134 27379
-2154 2225 7765 60 -83 -81 27416
-2028 2301 7868 14 -40 -119 27450
-1992 2328 7811 21 -5 -161 27489
-1765 2023 7340 14 23 -187 27522
-1684 1604 7071 72 -5 -154 27559
-1621 1636 6918 67 -18 -125 27592
-1730 1584 7221 66 -54 -105 27631
-1781 2030 7452 -3 -3 -133 27671
-2215 2173 7997 50 -33 -154 27701
-1992 2469 7951 64 -12 -168 27739
-1632 2493 7552 -69 41 -173 27779
-1516 2445 8078 37 -90 -229 27810
-1144 2395 7510 -5 -45 -180 27847
-804 1911 7293 -20 12 -174 27885
-973 1930 7253 25 71 -127 27923
-1320 1869 7287 78 13 -121 27951
-1307 1949 7343 59 -9 -135 27990
-1520 2377 7640 -24 -15 -160 28026
-1545 2445 8089 -15 -66 -177 28060
-1230 2056 7916 66 -132 -189 28099
-792 2180 7374 -6 -7 -169 28137
-1147 1906 7768 72 26 -117 28172
-971 2080 7407 62 -2 -134 28215
-1220 2089 7240 -19 33 -109 28240
-1304 1759 7403 -28 -9 -158 28278
-1281 2075 7079 -116 55 -154 28314
-1428 2193 7930 -25 -17 -156 28351
-1543 2349 7629 -56 71 -131 28387
-1713 1475 8026 8 -39 -218 28425
-1552 1317 7534 66 -4 -143 28462
-1651 1358 7663 107 -17 -144 28495
-1804 1226 8034 25 -22 -120 28534
-1514 937 7764 -90 -26 -190 28570
-1133 1056 6669 -294 129 -284 28605
-1767 1032 7702 -253 121 -222 28644
-1811 1112 8468 68 -9 -122 28683
-1632 1264 7872 13 -20 -66 28723
-1528 1047 7510 -54 -25 -88 28753
-1358 753 7943 72 -29 -197 28791
-1101 1152 7746 131 14 -160 28824
-956 1113 7478 17 43 -163 28862
-1267 1235 7816 -31 59 -139 28895
-1522 706 7720 87 23 -131 28933
-1686 258 7533 125 -45 -140 28966
-1737 300 7108 93 -93 -122 29004
-1928 819 6940 106 -144 -84 29039
-1869 1067 6823 115 -125 -41 29073
-1441 1116 7186 -19 -46 -65 29112
-1409 792 8683 -167 94 -65 29150
-976 -1158 10475 -139 76 -200 29183
-725 -978 8909 70 133 -374 29223
-1480 558 8143 165 96 -43 29262
-1773 -130 7970 116 50 48 29291
-1380 -456 7959 65 -80 -12 29327
-1228 133 6705 -109 1 -46 29361
-1273 557 6059 -204 31 -59 29397
-1318 366 7427 -139 82 -53 29431
-2299 -1410 10921 280 86 -102 29467
-2304 -533 9067 70 145 -104 29506
-1807 -124 7530 -66 150 -215 29540
-1605 -103 7344 31 89 -28 29580
-1552 -1601 7451 247 -115 -4 29612
-1073 -863 5791 -59 -174 37 29652
-1528 -1276 7851 -129 -179 -35 29688
-1564 -643 8463 -116 -87 -31 29728
-1392 69 8098 -172 85 -66 29765
-1293 -366 7396 -96 225 -27 29801
-875 -1327 7106 28 243 -32 29836
-1136 -1660 7323 97 35 -43 29869
-1217 -956 7465 45 -48 20 29909
-1213 -1205 6819 -153 -23 -50 29938
-1600 -1923 7326 -127 -57 -142 29979
-1811 -1651 8402 40 -73 -90 30023
-1842 -1190 8861 -89 7 -38 30053
-1326 -1004 7889 -214 63 -17 30089
-1277 -1672 7683 33 78 5 30128
-1142 -2183 7883 -35 -11 23 30160
-1269 -2433 8132 -9 1 55 30198
-1756 -1750 7831 -25 3 52 30229
-1927 -2488 8013 81 21 -29 30265
-1750 -2464 8166 13 10 -39 30301
-1863 -2128 8015 19 41 -37 30338
-1524 -2236 7741 -105 83 -50 30372
-1746 -2126 7566 45 -6 16 30414
-1738 -1944 7578 96 -76 -11 30441
-1891 -2349 7887 77 -46 -67 30478
-1888 -2059 8097 -60 -17 -38 30516
-1621 -2479 7770 -51 25 -61 30554
-1146 -1884 7098 -73 52 -51 30590
-1393 -2304 6807 -31 41 7 30625
-1561 -2106 6719 40 -25 3 30660
-1489 -1877 6581 56 -73 -8 30694
-1712 -2344 7234 53 -100 -37 30730
-1754 -2287 8259 108 -118 -52 30766
-1518 -1886 8927 47 -10 -30 30806
-930 -2705 8470 -182 76 -98 30849
-784 -2396 7927 -208 76 -63 30875
-807 -2011 6935 -55 88 69 30914
-1131 -2010 6408 39 14 77 30950
-1182 -1989 6400 135 -58 43 30982
-1626 -2692 7587 76 -148 -87 31020
-1449 -2087 8684 98 -35 -55 31058
-1223 -1580 9014 0 45 -50 31093
-1021 -1400 8989 -28 72 -11 31128
-430 -2479 7579 -129 135 33 31163
-318 -2882 7247 -169 39 4 31201
-708 -1919 6515 40 7 51 31236
-867 -2509 6483 206 -39 27 31267
-1067 -2360 7100 189 -130 -38 31301
-1185 -2310 8139 113 -84 -123 31341
-981 -1756 8426 -9 116 -52 31386
-919 -2039 8734 14 114 -51 31412
-556 -2108 8082 -67 194 17 31451
-748 -2034 7824 -51 94 31 31486
-1018 -2387 7727 19 15 41 31520
-1100 -1961 7686 81 -59 -13 31554
-972 -2306 7578 20 -80 -95 31589
-965 -1926 7277 -103 55 -70 31627
-1005 -2019 8296 43 -3 -79 31664
-1167 -2110 8718 121 -8 8 31697
-1047 -1948 8162 -69 50 8 31730
-1152 -2293 8391 -32 78 -26 31766
-1125 -2246 7936 -36 29 -9 31804
-1177 -2867 7684 -91 0 -67 31837
-915 -2276 7448 4 -19 -24 31877
-1091 -2211 7386 64 11 44 31913
-1115 -2789 7656 136 -2 -23 31939
-1113 -2524 7671 49 -86 0 31979
-1141 -2007 7189 -96 -58 -26 32013
-909 -2637 7933 89 -68 -93 32052
-626 -2173 8046 58 -93 -12 32085
-585 -2031 7623 -80 -42 -4 32122
-238 -2845 7396 -130 37 -86 32155
-248 -2228 7026 -46 35 -5 32193
-391 -3231 7505 167 -3 32 32231
-655 -3024 8382 94 -57 6 32261
-868 -3511 8985 61 2 14 32294
-905 -3240 9153 53 -5 -10 32326
-346 -2386 7786 -123 79 -16 32362
-475 -2805 7287 -192 205 18 32396
-938 -2866 6590 27 90 10 32440
-926 -2462 6742 -35 51 -16 32466
-899 -2472 6962 -50 -29 -82 32503
-796 -2381 6685 -17 -160 -65 32545
-895 -2625 7719 24 -187 -97 32575
-512 -3384 8451 111 -157 11 32614
-619 -2446 8868 -48 -129 24 32650
-266 -2106 7326 -241 74 13 32685
-188 -3233 7567 9 146 81 32722
-675 -3177 7383 140 -52 90 32753
-622 -3021 7733 124 -84 -26 32790
-541 -3175 7894 92 -93 -23 32825
-547 -3055 8273 44 -21 -20 32862
-324 -3235 8249 -7 13 36 32898
-192 -3216 8723 -64 57 28 32929
-407 -3587 8185 -158 97 27 32963
-430 -3705 8003 -13 140 56 33006
-751 -3566 7767 84 32 119 33032
-627 -3499 7588 -7 -46 10 33070
-801 -3117 7150 19 -38 44 33103
-851 -3311 7651 11 -77 -63 33139
-847 -2835 7611 94 -133 -67 33172
-646 -2930 8614 105 -85 -15 33210
-219 -2366 8760 -56 -57 30 33247
168 -2627 7653 -211 -5 37 33281
152 -2871 7563 -55 -4 76 33317
-206 -3285 7433 -35 -17 103 33348
-368 -3322 7871 132 -75 69 33386
-362 -3501 7644 -100 -47 22 33420
-204 -3163 7086 -28 56 -18 33458
-253 -3230 7064 -10 23 -13 33492
32 -3614 8196 206 -31 52 33534
-428 -3472 8898 150 -107 106 33559
-166 -3514 8507 -109 8 56 33599
-370 -3530 7980 -96 -1 48 33634
-287 -4047 7598 -88 -21 49 33666
-211 -3563 7382 -9 -24 30 33705
-11 -3815 7226 77 -52 9 33735
107 -3610 7015 -35 -26 51 33768
-78 -3771 7436 245 -35 26 33807
70 -3457 7698 49 -59 48 33838
-115 -3044 7227 -43 39 -9 33869
11 -3576 7797 52 5 30 33904
-57 -3241 8061 -32 -33 38 33933
48 -3295 7955 -29 -28 30 33969
186 -3733 8233 -24 -23 41 34003
183 -3287 7817 -80 -39 93 34041
155 -3605 7392 -5 14 69 34070
-283 -3578 7844 116 8 121 34102
-72 -3815 8099 55 -30 74 34136
-139 -3372 7427 -88 77 4 34172
-48 -3350 7223 -11 85 -13 34203
-251 -3156 7519 -37 -3 7 34237
-269 -2557 7162 -143 -35 3 34272
-220 -2954 7857 36 65 45 34306
-326 -3220 8854 93 -198 156 34342
-154 -3771 8393 -55 2 52 34381
25 -4170 8691 -186 -17 73 34409
-249 -3862 7730 -216 56 54 34443
-108 -3922 7378 24 17 57 34481
-270 -4437 7651 136 -31 69 34512
-110 -3698 7808 -11 -65 39 34549
-143 -3891 7815 98 13 41 34588
-350 -3604 7869 37 -15 62 34615
-415 -2897 7194 -114 137 45 34658
-389 -3274 7552 -35 68 73 34685
-202 -3766 7931 -138 -4 90 34723
-634 -4152 7910 -49 -27 120 34758
-457 -4745 8309 -1 -46 55 34792
-424 -4212 7865 -118 -60 85 34829
-396 -4143 7325 -91 -4 58 34863
-597 -4069 6974 37 -20 75 34900
-579 -4150 7247 164 -42 14 34931
-544 -3452 7861 91 -19 34 34968
-777 -3644 8305 70 -23 42 35001
-303 -3216 7994 -230 12 26 35038
-587 -3557 7385 -164 50 59 35072
-367 -4237 7671 -129 -28 100 35112
-460 -4229 7321 -24 -97 84 35147
-381 -4564 7463 -84 -35 122 35179
-508 -4709 7960 76 -88 106 35217
-218 -4526 6693 -112 -16 37 35251
-168 -4039 5741 10 130 89 35290
-692 -4427 6867 167 -71 64 35324
-834 -4120 7567 417 -114 55 35357
-719 -3645 8923 40 -123 36 35395
-577 -3160 8375 -261 -25 -28 35429
-16 -4012 7485 -180 63 62 35468
-152 -3905 7574 44 -25 186 35503
-170 -4385 7897 -122 -66 130 35536
-152 -4296 7398 -180 -18 106 35576
-163 -4425 6737 19 -21 82 35612
-509 -4036 6561 125 -47 79 35649
-635 -3807 6829 123 29 -19 35682
-379 -3768 7600 139 -32 41 35722
-459 -3780 8735 83 -39 47 35752
-314 -3491 9416 40 -145 96 35786
-174 -3629 8696 -306 46 146 35823
-57 -4246 8256 -268 10 141 35858
-218 -4439 7181 -134 6 148 35894
-317 -4527 6687 -58 48 103 35928
-520 -4319 6941 128 2 96 35965
-724 -4054 7109 177 -83 47 35997
-450 -3824 7453 154 66 7 36033
-442 -3498 7958 62 -31 41 36065
-483 -2855 7543 -239 115 78 36102
-589 -3051 7543 -144 -7 147 36137
-753 -3919 7057 -170 -41 162 36180
-685 -4655 7063 -43 -128 148 36210
-1095 -4793 7910 53 -112 94 36250
-813 -4760 7709 28 -140 85 36284
-349 -5050 7673 -19 -48 24 36321
-393 -4833 7450 30 -18 90 36355
-362 -4036 6742 -45 24 57 36391
-627 -3696 6627 88 29 108 36423
-874 -3980 7509 248 -27 117 36459
-1127 -3939 8154 132 -59 19 36494
-795 -3864 8453 -71 -49 -28 36533
-436 -3347 7690 -179 -59 48 36572
60 -3265 6801 -247 -3 95 36603
-113 -3494 6419 -29 10 209 36639
-669 -4158 6920 -3 -10 192 36672
-828 -4518 7677 65 -61 165 36712
-995 -4381 7477 -119 -33 85 36743
-939 -4399 6625 -53 72 11 36787
-783 -4573 6673 27 8 57 36813
-731 -4180 6931 -36 -65 135 36847
-710 -4107 7140 8 -98 131 36882
-643 -4671 7344 -69 -122 126 36918
-548 -5043 7257 -133 -89 70 36956
-524 -4745 6764 -65 -55 94 36990
-516 -5233 7328 39 -61 90 37028
-529 -4978 7419 47 -69 121 37059
-221 -4785 7142 -110 -45 101 37097
-385 -4831 6823 19 -38 96 37134
-581 -4897 7075 122 -71 92 37167
-341 -4625 7506 3 -92 110 37204
-243 -4580 7879 -96 -28 131 37242
-343 -4761 7177 -197 15 136 37274
-430 -4736 6592 -104 70 133 37309
-440 -5110 6787 -59 -23 110 37348
-699 -5156 7117 6 -51 148 37384
-344 -5161 7270 -43 -71 118 37417
-386 -5076 6974 -126 28 126 37455
-609 -5385 6894 -35 4 164 37489
-573 -5322 6649 -82 -26 163 37525
-593 -5825 6947 -6 -16 136 37562
-648 -6022 7303 17 -63 106 37595
-485 -5622 7697 0 -74 119 37633
-640 -5313 7674 6 -50 105 37668
-404 -5374 7468 -18 -48 115 37701
-561 -5027 7551 34 -14 132 37736
-537 -5248 7629 -102 -27 150 37777
-412 -5190 7275 -25 25 177 37810
-718 -5314 7314 -44 -20 170 37844
-837 -5070 6188 -86 7 124 37883
-873 -5010 6097 -62 19 151 37915
-829 -4877 5660 -101 11 173 37952
-1177 -4878 6253 25 -74 175 37986
-1223 -5391 7099 -38 -127 156 38024
-1202 -5860 7335 -7 -76 145 38064
-1209 -5827 7303 -106 -6 116 38100
-983 -5605 6951 -31 70 127 38136
-1497 -5550 7221 -30 -19 108 38172
-1052 -5088 6369 -123 -12 128 38210
-1276 -5201 6884 72 -99 96 38248
-1456 -5327 7250 6 -190 146 38282
-1202 -5136 6666 -41 -31 115 38324
-747 -5304 6560 -34 35 127 38358
-1393 -5494 7412 47 28 158 38391
-859 -5601 7153 -134 -39 144 38428
-934 -5569 6858 -99 85 225 38464
-1171 -5629 6518 -62 -30 153 38501
-1624 -5732 6792 43 -62 147 38538
-1579 -5919 6963 -29 -108 146 38573
-1344 -5665 6953 -37 -28 157 38614
-1434 -5920 7012 -84 -22 170 38651
-1261 -5924 6364 -93 46 133 38689
-1425 -5958 6533 -81 40 123 38722
-1378 -5966 6758 -37 -81 134 38761
-1112 -6111 6393 -147 -48 176 38801
-1752 -6271 6860 11 -78 219 38840
-1456 -6445 7001 -45 -122 72 38872
-1250 -6317 7044 5 -13 71 38911
-1113 -6301 7176 27 -29 146 38946
-1094 -6094 6793 -71 -9 145 38987
-1018 -5906 6585 -72 35 159 39016
-1589 -6139 6787 -35 -91 190 39055
-1281 -5817 6319 -88 -56 172 39090
-1226 -5304 5740 -59 20 171 39129
-1582 -5571 6226 60 -78 79 39166
-1759 -5721 7006 139 -151 91 39200
-1340 -5375 7090 -12 -73 70 39238
-1155 -5160 7313 -27 -29 91 39275
-1047 -5192 6830 -40 -8 151 39309
-1340 -5027 6803 -112 52 80 39348
-1804 -5314 7432 56 -55 137 39388
-1628 -5268 7459 -32 -107 109 39419
-1625 -5121 7052 -145 -10 101 39460
-1567 -5333 6772 37 -15 109 39498
-1352 -5167 6613 -44 -8 109 39533
-1181 -4713 6283 -51 81 105 39568
-1336 -4759 5901 -11 19 156 39607
-2182 -5091 6379 64 -155 11 39643
-2236 -4988 6888 102 -155 58 39683
-1910 -4908 7355 -7 -68 -17 39715
-1567 -4819 7500 -23 -103 3 39754
-1075 -4508 7606 -48 -45 83 39789
-1136 -4496 7383 -141 9 147 39824
-1632 -4851 7202 6 -12 156 39862
-1393 -4994 7067 -104 1 80 39902
-1705 -5296 6882 7 -16 43 39931
-1508 -5088 6971 -1 -27 32 39965
-1388 -4758 6851 -20 2 21 40002
-1344 -4983 7485 6 35 100 40036
-1675 -4798 7261 -48 -7 132 40071
-1749 -5068 6950 -81 20 81 40108
-1927 -5539 7048 64 -15 109 40142
-1849 -4771 7014 -67 -30 -10 40181
-1780 -4987 6716 10 -18 64 40215
-1590 -4914 7067 104 -41 64 40252
-1777 -4504 7173 83 -55 48 40289
-1571 -4320 7229 43 -13 27 40323
-1491 -3998 6757 21 28 -4 40360
-1283 -3823 6573 20 123 -45 40391
-1537 -3526 7378 52 -24 -42 40437
-1499 -3138 7470 -3 -111 -17 40463
-1694 -2909 7285 6 3 26 40506
-1824 -2660 7152 51 -119 41 40533
-1677 -2684 7034 -14 -78 7 40573
-1880 -2576 7051 -1 4 29 40608
-2128 -2943 7663 92 7 64 40639
-2247 -2834 8241 101 -107 60 40673
-1717 -2969 7930 -43 -92 43 40712
-1557 -2904 7269 -112 -58 65 40748
-1651 -2951 6606 -85 74 38 40786
-1626 -3124 6804 -21 95 6 40819
-2036 -3110 7301 100 -25 -6 40856
-1863 -3016 7542 116 18 -56 40890
-1892 -3095 8506 106 -51 -70 40928
-1870 -2574 7826 -60 -26 -59 40969
-1347 -2361 7276 -26 77 -55 41007
-1511 -2268 7011 13 28 -52 41038
-1520 -2306 7247 39 7 -70 41075
-1781 -2261 7707 70 -147 -73 41107
-1804 -1833 7828 -36 -181 -152 41154
-1783 -1576 8361 -41 -80 -110 41184
-1530 -1158 7958 30 12 -58 41225
-1008 -1413 7559 -9 49 -43 41258
-937 -1645 7465 -16 74 -26 41296
-1014 -1995 7609 44 5 22 41328
-1260 -2156 7812 61 -13 -20 41364
-1137 -2193 8040 90 -33 -45 41399
-1466 -2438 8497 81 23 -52 41437
-1063 -1638 8557 51 -101 -27 41473
-539 -1776 6947 -22 -29 -61 41514
-182 -1928 6629 -7 55 -43 41544
-200 -1589 6089 -3 -47 2 41580
-110 -1826 6276 -76 -69 -44 41612
-544 -1689 7951 93 -105 -80 41653
-454 -1471 8316 175 31 4 41685
-473 -592 9249 52 -119 -51 41720
-858 -827 8276 -180 155 -25 41753
19 -1395 8466 42 78 -23 41791
338 -1709 8113 78 5 47 41822
65 -1856 7405 -37 29 18 41853
-221 -1780 6904 -81 20 -71 41885
-705 -2077 7697 -9 -1 -96 41922
-1571 -1393 8710 88 -8 -37 41955
-1437 -1028 9355 72 -70 -33 41992
-853 -595 8850 -111 36 26 42032
-439 -1431 8867 -38 43 25 42061
149 -1794 7708 19 71 0 42098
16 -2279 7452 -48 -18 -91 42127
-373 -2147 7040 -65 -27 -89 42161
-930 -2212 7273 72 -52 -89 42199
-774 -1832 7994 125 -68 -61 42234
-496 -1401 8300 27 -28 -50 42271
-177 -1362 8567 -20 30 -81 42306
-230 -1037 8298 -7 71 -18 42340
-84 -1426 7478 -110 55 -30 42377
-99 -1777 7376 -55 -47 -52 42410
-216 -1721 7479 171 -24 -28 42447
-469 -1785 8070 117 -7 -24 42481
-680 -1205 8552 -109 6 -78 42519
-437 -1668 7926 -23 32 -65 42557
-322 -1539 8165 70 10 -40 42587
97 -1714 8005 -24 -29 -54 42625
475 -1788 7699 -35 -33 -64 42656
492 -1690 7639 66 1 -38 42691
306 -1972 8306 55 -15 -49 42725
217 -1814 8629 31 -12 -59 42759
541 -2059 8007 -82 46 -70 42794
527 -2011 7848 -52 17 -64 42827
328 -1991 7783 42 22 -23 42861
373 -1989 8030 14 16 -47 42896
506 -2148 8371 -33 37 -49 42928
