-153 244 8213 -58 58 16 21
-16 75 7741 24 -52 -30 69
-15 50 7970 12 19 5 93
172 -6 8336 25 39 -9 114
195 -263 8586 37 33 4 138
155 8 8752 24 -25 21 168
62 -179 8639 -39 -14 38 194
364 -386 7616 -85 55 -9 229
94 -355 7884 33 20 -8 259
61 -275 8241 54 35 28 283
18 -112 8653 51 -68 15 311
44 287 8421 -2 -79 5 339
-169 368 8301 -69 36 2 367
-282 399 7509 -107 -9 4 396
-151 186 7338 -21 -44 -18 427
-116 255 7741 38 -87 18 461
-37 285 7994 81 -73 39 488
353 535 7870 8 -6 -25 518
-16 673 8751 -79 35 3 546
184 229 8797 37 38 -15 579
310 26 8470 50 15 -22 602
302 -317 8744 39 28 -24 632
258 -189 8286 -43 23 17 661
486 -23 7706 -92 49 3 692
184 -244 8365 46 1 2 721
109 -206 8654 129 -106 25 745
147 220 8073 -59 -23 6 781
138 217 8021 -151 20 -27 807
-169 330 7502 -42 -21 6 842
138 414 7806 101 124 -52 870
-5 403 8682 57 -82 -18 901
135 667 8359 -46 -50 8 930
15 379 8577 -37 101 -3 962
195 343 8281 -20 -16 -8 988
142 17 8368 17 9 -13 1019
91 158 8255 -2 7 -16 1044
322 216 7794 -2 -15 -2 1075
66 89 8464 16 28 19 1110
70 189 8713 45 -66 -7 1132
111 356 7845 -26 -59 18 1161
63 329 7872 -84 49 -34 1192
230 292 8356 23 -12 -68 1222
285 619 7938 24 5 -14 1253
419 257 8823 29 21 -27 1283
91 495 9189 44 -24 6 1313
267 361 8452 -34 -13 44 1340
171 -114 8428 -61 78 -1 1372
-35 49 7879 -2 -57 -36 1406
241 147 7603 0 22 -22 1431
79 254 8196 7 9 -12 1462
253 368 7522 -20 -62 -18 1490
180 458 7625 -52 41 12 1522
-86 175 8179 -6 -19 12 1551
0 252 7865 61 -49 -17 1582
-18 478 7682 -72 -22 -16 1611
284 424 8581 29 -2 -19 1649
335 589 8174 32 -6 -39 1672
-48 816 8665 -29 9 8 1706
42 409 8922 -14 -39 2 1730
1 273 8257 -16 21 13 1763
244 92 8736 13 -1 -32 1788
301 149 8750 -14 -12 -34 1818
376 535 8221 -50 29 3 1850
594 241 8370 -32 40 -40 1880
234 473 7570 -41 -18 17 1911
254 -168 7777 -18 26 -27 1943
13 -52 8106 56 -15 9 1974
100 65 8283 43 -52 6 2003
-41 272 8137 -97 16 -8 2034
205 157 8305 -37 -52 -53 2059
155 271 7389 -36 17 -35 2095
71 151 7734 0 -33 -28 2128
37 273 7945 41 -52 -8 2153
220 310 8513 59 -48 34 2186
29 398 9004 55 -29 15 2213
-35 576 8841 -65 -119 2 2241
110 328 8257 -112 41 -42 2272
148 117 8012 8 -4 -19 2305
511 237 7724 38 1 -43 2335
429 248 8569 42 21 18 2363
600 405 8480 9 -54 26 2392
459 312 8186 -58 33 28 2422
184 73 8233 -55 63 -11 2452
177 -87 7503 -49 11 -32 2481
143 -256 7517 1 72 -35 2513
-11 14 7821 -19 -56 -30 2542
-51 23 7937 -4 -55 36 2574
-81 88 8709 65 73 10 2607
-63 178 9300 70 -66 11 2631
3 -24 8970 10 19 17 2661
368 -292 8191 -41 96 -22 2690
528 -299 7615 -13 23 -45 2725
290 -68 7504 -3 10 -9 2753
234 259 8315 55 -78 12 2782
96 423 8583 51 -147 74 2813
-26 656 8966 26 -9 49 2842
-641 912 9381 -58 -3 3 2871
-424 1009 8193 -115 -40 -57 2902
-238 601 7175 -143 89 -77 2940
335 383 6966 -35 99 -83 2970
449 285 7878 116 54 -29 3001
478 -67 9271 155 -37 66 3033
338 -232 8908 -50 -43 96 3067
443 -603 7123 -166 219 53 3096
361 -895 6912 -120 216 -66 3129
42 -817 6991 72 52 -52 3164
-579 -260 9123 174 -313 -11 3197
-803 666 9089 33 -342 40 3234
-182 1075 8102 -100 57 8 3261
-405 732 8937 -9 34 -88 3296
-308 1300 8299 41 32 -60 3326
379 786 7862 -31 121 -83 3357
806 275 8043 -45 49 -39 3389
835 -174 7682 25 -9 -7 3421
81 -483 8327 77 37 22 3451
20 -419 8567 30 -107 0 3480
-206 18 7485 -109 46 18 3510
-194 152 7128 -166 -6 8 3542
205 256 7237 11 -5 -42 3575
-37 370 7454 93 -71 16 3601
-343 511 9289 110 -89 46 3635
-127 853 8878 -67 47 3 3666
131 795 8869 -120 140 -103 3695
-225 286 8022 -86 76 -40 3729
326 -391 8111 97 29 -55 3767
294 -327 8532 126 -84 13 3794
614 16 7570 -54 -56 9 3825
328 -315 9090 27 17 -4 3854
-107 140 9017 109 -144 -12 3885
-75 684 8192 -53 83 -12 3926
-345 802 8135 -194 -20 -17 3948
37 493 7351 -10 -38 3 3986
192 858 6989 0 116 -21 4014
201 300 8804 51 -44 1 4048
40 640 8436 47 -84 50 4073
111 629 8089 -82 61 16 4102
457 7 8060 -90 37 -104 4133
207 198 7203 -35 17 -55 4163
189 104 7444 29 77 -48 4193
193 188 8304 32 -113 -32 4224
2 256 8458 106 -109 22 4256
-75 432 8731 28 35 55 4287
63 379 9142 29 7 -66 4323
30 469 8506 -55 -3 -59 4346
421 -20 8303 -56 159 -44 4374
433 -234 8121 40 58 -34 4406
403 -171 8416 92 -90 -11 4437
306 303 8284 6 -85 21 4471
450 669 7528 -115 47 3 4499
325 577 7811 -118 53 -32 4527
-430 918 8394 8 -44 38 4562
-152 732 7871 -33 -29 6 4590
48 594 8184 -35 -13 -43 4622
-174 679 8018 -70 -28 -1 4653
73 575 8317 0 57 -57 4686
672 364 8906 42 8 -130 4713
303 467 8174 20 -77 -83 4744
377 180 8685 -41 130 -24 4775
283 -388 8048 -28 -4 2 4809
546 -666 7815 26 28 -14 4841
506 -552 8093 50 18 -35 4869
-78 -60 8092 12 -50 16 4900
-86 137 8414 -9 -10 -13 4929
-321 293 8889 -55 -219 -59 4961
511 390 8494 243 -559 -250 4998
637 1085 6800 55 97 -131 5030
98 1325 6906 -90 367 10 5061
166 1240 8433 -112 86 84 5093
1055 763 9623 -27 62 -20 5128
926 5 9277 -88 102 -54 5158
822 -460 8500 6 0 -54 5187
701 -521 8143 27 105 -14 5217
890 -445 8608 73 -20 -35 5250
653 91 7366 -93 -42 5 5282
652 247 6928 -154 128 65 5310
168 68 8057 -19 102 -24 5344
-641 501 8455 68 -72 -27 5379
-676 921 9006 -46 -110 -9 5407
-580 1060 8529 -103 -175 -26 5439
195 579 7122 -74 170 -48 5478
139 527 8382 63 170 -96 5508
-107 432 9250 134 -6 -86 5540
492 249 9099 49 -22 0 5573
915 -116 8328 -28 45 -20 5600
933 -672 8132 48 132 -25 5635
405 -734 8283 70 28 12 5665
522 -763 7574 -97 -31 11 5695
793 -726 7572 -77 -2 -82 5728
53 -240 7993 91 -38 -41 5760
-737 484 8849 81 -71 29 5793
-669 834 8864 -102 -218 21 5827
-212 925 7330 -243 -130 -32 5857
131 388 7068 -41 280 -126 5897
-80 340 7725 41 65 -86 5925
21 279 8881 176 -47 -47 5955
420 627 8563 62 -142 -2 5992
640 377 7834 -38 -38 0 6016
583 -195 8162 -36 178 -18 6054
-130 -402 8774 42 48 -3 6081
-98 81 8546 -19 -132 6 6113
115 -41 8050 -61 -52 16 6143
284 -215 8435 48 43 -22 6173
252 89 8390 69 -16 -41 6205
247 375 8286 -51 -20 -64 6236
131 374 8397 -53 11 -31 6268
387 -3 7866 41 93 -29 6300
125 -266 8591 82 50 14 6326
149 -61 8217 -45 -89 15 6361
579 -111 7936 -69 30 -27 6390
156 59 7228 -117 53 -28 6425
-104 44 8029 -16 9 -14 6453
-148 72 8606 58 -121 -28 6483
-278 248 8316 34 -77 -4 6514
-48 319 8634 -2 -22 -38 6548
185 417 7859 -76 27 -79 6578
448 97 7791 -36 72 -74 6609
255 14 7980 72 -5 -11 6638
350 -162 8248 74 -22 6 6668
206 -388 8681 29 -88 13 6699
465 -223 8249 -15 -27 -7 6729
465 -96 8221 -31 34 -31 6761
196 155 8010 -56 -19 -35 6792
72 199 8902 70 -20 -11 6827
-32 191 8824 46 -26 40 6853
208 253 8409 -73 -20 -20 6887
170 358 7885 -130 0 9 6918
403 76 7583 -61 115 -32 6948
205 -37 8473 63 28 -17 6981
41 133 8567 75 -83 -9 7008
366 42 8336 -54 -40 -9 7037
421 -333 7537 -104 101 2 7067
474 -487 7271 -37 108 -21 7099
283 -477 7866 32 -42 -32 7133
196 -129 8627 77 -71 -7 7167
-59 408 8398 -9 -51 31 7196
-129 320 8163 -118 -7 12 7226
-110 86 8385 -52 48 -45 7258
193 -229 8075 6 -15 -35 7290
-123 189 8358 73 22 -28 7321
86 288 8572 33 -35 -12 7354
280 161 8124 19 -25 -12 7381
408 -159 8533 62 80 -8 7416
228 -52 8458 26 14 -8 7444
553 -89 7845 -65 -43 -3 7473
645 -289 7987 -49 63 -33 7508
323 -114 8115 5 38 -12 7536
-49 48 8716 66 -34 14 7566
-62 312 9270 44 -78 -2 7595
66 203 8813 -28 -71 4 7626
79 490 7841 -64 92 -28 7655
230 244 7541 -78 73 -75 7689
304 -46 7528 -59 55 -37 7716
300 -254 7966 49 85 -2 7747
115 -205 8129 44 -106 32 7783
325 -125 8336 -10 -60 2 7808
313 -152 7960 -67 38 -13 7843
-31 -12 8120 9 98 -29 7873
-394 348 8293 5 -43 -28 7906
-334 458 8049 -114 -62 -24 7934
-121 -114 8288 36 -30 -34 7968
45 237 8130 40 47 -33 8002
360 93 9068 71 -14 -33 8035
387 -96 9158 40 14 -50 8061
598 -256 8413 -70 55 -51 8090
835 -345 8401 -16 65 -70 8122
671 -337 7814 -38 38 -33 8156
417 -216 7533 13 38 42 8189
371 -370 7881 46 -13 24 8215
278 -398 8130 46 -103 -4 8250
-177 -19 8278 -16 -64 6 8282
-640 433 8274 -75 -48 -11 8312
-510 385 8424 -22 -5 -55 8345
-636 850 8557 55 -83 -105 8379
-115 592 7651 -35 -18 -131 8412
580 312 7967 -18 24 -100 8445
855 -305 7596 -13 80 -6 8480
394 -691 8520 63 30 24 8509
267 -452 8892 89 -118 45 8539
212 -273 8490 5 -32 -5 8575
135 -135 8091 -51 7 -33 8601
98 81 7897 -15 -14 -41 8633
168 56 7869 22 6 -41 8662
83 337 7753 0 -13 3 8690
225 262 8290 22 -45 -7 8718
-2 245 8408 26 -10 25 8748
146 364 9118 60 -20 1 8778
36 152 8609 -54 25 -28 8806
391 -54 9028 -8 56 -69 8836
539 -20 8308 -8 40 -73 8867
620 19 7059 -109 -26 -40 8896
804 -289 7043 -105 -18 -21 8929
671 -286 7453 62 -10 16 8963
14 71 8653 165 -119 49 8997
-457 339 9235 -3 -82 27 9024
-415 575 8903 -107 -9 -21 9056
-133 354 8175 -66 44 -141 9094
-257 654 7836 -17 -18 -149 9122
436 436 8614 62 -12 -87 9157
760 222 8133 16 42 -5 9187
623 -144 8294 -19 8 81 9217
436 -545 8324 -45 -1 46 9248
371 -706 8089 -11 59 16 9278
384 -531 8319 52 -24 -30 9309
622 -104 7916 14 -100 -74 9344
711 172 7301 -76 1 -50 9376
518 442 7309 -64 42 5 9405
54 252 7987 -17 40 25 9434
-645 148 9075 51 -8 46 9464
-506 315 9130 11 -112 1 9497
-435 378 8792 -40 -59 -48 9524
116 256 8308 -30 22 -88 9558
569 114 8270 50 7 -77 9596
944 -38 8066 27 -21 -24 9623
1112 33 8358 8 15 22 9648
1044 -528 8123 -10 88 20 9678
452 -623 8254 7 75 -9 9712
478 -608 8751 22 5 16 9737
427 -171 8595 17 -52 17 9768
278 126 7565 -49 -99 -6 9801
221 293 7387 -34 -23 11 9834
225 311 8063 30 76 -5 9862
-622 476 8539 50 1 48 9891
-348 373 8860 -23 -124 -20 9920
-316 454 8538 -96 -79 -64 9955
402 328 7401 -78 48 -115 9987
598 34 8209 69 32 -54 10022
658 2 8433 47 -59 -4 10050
972 -168 8696 73 69 11 10080
525 -77 8361 -17 25 38 10111
352 -236 8031 -81 24 3 10141
654 -521 8447 10 70 -36 10176
166 -228 8484 44 15 13 10205
240 -249 8469 53 -82 27 10236
106 204 8331 -58 -65 -2 10271
376 147 7595 -57 28 -43 10300
334 254 7859 3 32 -18 10333
103 116 8474 24 -12 9 10363
462 266 8905 53 -26 -38 10392
104 337 8471 -31 -22 15 10427
477 -88 8133 -91 -18 -44 10459
489 -261 7514 -88 13 -30 10491
636 -327 7704 49 35 -22 10523
523 -127 8004 52 -68 6 10558
408 -37 8208 18 -3 -14 10588
165 196 8813 28 77 3 10619
-264 414 8653 -32 32 24 10647
50 57 8582 -23 -55 -38 10680
167 159 7906 -34 -27 -24 10710
460 -95 7797 26 30 -1 10747
472 94 7859 11 2 27 10773
375 101 8184 24 -44 -4 10803
444 89 8536 12 45 14 10837
-6 234 8480 -37 34 47 10861
158 -119 8943 -43 -44 -38 10895
294 -77 8384 -25 6 6 10927
167 57 8181 16 17 -24 10958
226 72 8021 -26 -40 -12 10986
506 6 7493 -28 -32 -30 11019
777 -293 7835 29 55 -36 11050
103 -55 8214 22 -26 62 11086
527 -382 8459 9 -28 -6 11114
344 -131 8525 -46 23 -22 11145
441 -187 8384 -20 38 -27 11178
261 -9 8416 -1 -11 -28 11214
275 22 8161 42 -3 -29 11249
460 -121 8058 28 18 1 11273
286 -40 7884 -47 19 41 11304
385 -581 8381 -15 -8 -4 11334
-30 -296 8296 1 -23 19 11366
-166 -280 8785 -3 -18 -2 11398
174 146 8493 -30 -65 -48 11434
-205 282 7749 -35 -75 -53 11465
286 239 7849 47 46 -33 11504
390 94 7676 13 40 6 11528
814 -605 7880 41 32 -24 11559
508 -652 8378 -24 50 27 11591
454 -827 8113 -92 7 5 11622
399 -775 8328 -10 -13 -26 11652
-95 -258 8551 42 -74 -8 11688
158 127 8178 -5 -44 2 11721
178 162 8127 -40 0 0 11753
206 87 8225 1 -28 -18 11777
228 -128 8085 1 -10 -9 11814
-76 -275 7898 -39 9 40 11840
300 -480 8126 -36 -15 -25 11871
230 -452 7972 -7 -1 -5 11905
329 -341 8628 29 -10 -14 11939
478 50 8495 25 3 -20 11970
489 -47 8430 -1 10 -24 11999
826 -193 8529 -22 123 -14 12030
751 -475 8533 -29 116 23 12065
510 -927 8755 4 28 56 12099
520 -869 8213 -41 11 -1 12128
528 -958 7878 -69 -34 20 12160
287 -549 7658 2 -69 -5 12194
-382 -48 7450 -18 -135 27 12224
-315 307 8035 9 -3 24 12260
-503 666 8013 -35 48 33 12293
-667 274 8330 22 -64 -36 12321
-369 536 8210 12 -164 -105 12354
121 401 7295 -47 31 -67 12391
204 12 8170 41 86 -27 12423
161 -116 9195 39 28 12 12452
326 -231 9265 -4 52 67 12483
1002 -1079 8846 -22 -17 -74 12516
1224 -1033 8347 19 -13 -78 12552
758 -399 8053 -6 32 64 12588
973 -277 7919 16 -25 89 12618
459 16 7452 -43 -45 134 12649
92 86 7408 -90 -63 157 12682
-330 282 7538 1 -78 208 12715
-219 -44 8357 108 -3 82 12746
-220 -95 8732 33 39 -88 12777
-278 311 9071 -45 123 -216 12810
-59 -232 9501 -130 218 -262 12845
-148 777 9183 -36 -14 -48 12882
1413 -132 8507 20 -2 47 12918
1561 -634 7957 18 -47 73 12948
671 -818 7935 17 -33 63 12983
203 -553 8163 1 68 83 13017
-148 -367 8574 36 -28 70 13045
-364 -26 8083 -65 -110 24 13077
-229 35 7345 -81 -124 -36 13113
-320 236 6279 -84 -88 -20 13146
12 215 6419 3 -32 -50 13180
298 496 8395 112 -56 -26 13212
550 383 8726 84 42 -28 13243
47 1112 9626 32 53 -87 13275
-164 355 9317 -105 36 -61 13306
1127 -507 8669 -27 67 -123 13343
1378 -1059 8574 102 22 -80 13381
793 -1107 8735 69 -44 85 13411
684 -705 8328 22 -65 95 13444
404 -99 8191 -55 27 62 13484
87 67 8318 -10 -12 60 13506
148 374 8006 28 3 31 13538
97 578 8117 -3 -41 9 13567
12 809 7306 -107 -20 -20 13596
69 721 7506 -68 7 -45 13631
-120 398 7410 -15 -3 35 13660
202 271 8643 102 85 0 13692
-237 479 9390 63 -30 -18 13722
24 177 8749 -78 -1 -103 13755
712 -235 7634 -194 38 -154 13789
971 -340 7595 5 96 -82 13823
675 -136 8165 102 -80 26 13860
755 -65 8518 -8 16 86 13891
667 -89 9192 -14 70 36 13916
-191 -24 8550 -20 9 33 13951
-77 -208 8557 -25 -100 -3 13979
-64 112 7963 -76 -50 -21 14014
-88 281 7354 15 6 -5 14049
98 164 7168 -103 -132 -3 14078
430 283 7590 -41 -23 -59 14109
261 -16 8292 107 -18 55 14143
54 120 8862 136 19 12 14177
146 -268 9671 46 -67 -73 14205
719 -99 8712 -105 174 -156 14241
431 341 8399 -70 139 -76 14274
1022 -4 8404 50 -35 9 14309
936 -165 8729 48 -32 27 14338
218 -172 8436 -46 -50 118 14370
70 -290 8275 -79 -38 45 14406
75 40 8440 -74 75 -22 14440
-223 173 7831 -61 -49 -8 14467
9 105 8037 40 19 -70 14500
89 242 7364 -7 10 -56 14529
424 666 7062 -58 -13 -37 14559
340 -111 7535 -52 27 -1 14595
265 -360 8044 99 56 27 14625
144 -285 8212 39 -34 -16 14656
32 -180 8825 -60 25 -12 14689
255 -269 8291 48 -18 -45 14724
345 94 8883 67 44 -55 14755
172 189 8654 -24 -18 19 14785
454 -2 8104 -61 -3 -25 14820
406 -238 8835 42 -12 25 14849
-211 -125 8785 88 -80 62 14881
143 71 8123 -81 -27 -4 14915
404 399 8665 -35 47 -37 14949
391 881 8006 11 34 -39 14977
465 719 8337 14 -1 -54 15009
1007 900 8020 -50 10 -65 15039
726 575 8169 26 75 43 15075
516 116 8341 31 -44 49 15104
505 -99 8270 -26 -44 -21 15135
469 113 7768 -32 21 9 15167
226 231 8005 -41 26 -7 15198
249 397 8520 31 -104 -5 15229
522 708 7339 -103 -28 -14 15264
374 618 7970 -63 30 2 15295
253 274 7735 -3 13 11 15326
361 264 8773 153 -39 -32 15356
232 649 9093 34 -27 -20 15391
553 562 8008 -120 18 -54 15426
964 198 8207 -65 42 -79 15455
662 69 8193 104 -15 36 15493
779 -64 8291 93 -30 51 15516
714 40 8877 -2 -65 23 15551
674 191 8033 -27 33 10 15581
498 48 8745 31 9 9 15611
505 235 8367 44 -98 -10 15636
914 664 7935 -48 24 15 15672
693 771 8137 -23 104 42 15702
438 423 9304 68 16 22 15734
72 814 8724 11 -123 42 15763
419 566 8207 -143 78 -8 15795
420 307 8422 -14 9 -56 15833
349 598 7856 27 -71 -17 15858
828 390 7781 -117 41 -20 15890
891 159 8090 -23 46 -16 15924
562 4 8173 27 -4 15 15959
454 -156 8356 1 9 -2 15982
512 -430 7861 -30 -71 -31 16019
388 -512 7962 12 35 -10 16048
271 -395 8261 19 -25 16 16080
359 -149 8293 6 -55 9 16111
329 -94 8334 -18 42 30 16142
518 -131 8415 11 40 -42 16174
789 548 10080 149 -26 27 16208
1191 1390 10181 57 120 19 16238
-17 1222 10955 -117 204 63 16273
351 1145 10361 -105 1 41 16311
113 1227 9321 -185 216 7 16342
-328 15 8869 -221 76 11 16377
193 -76 7850 -182 -13 -2 16407
88 -609 7479 -167 133 10 16441
55 -1018 6855 31 -40 46 16476
-160 -1030 6343 -85 -34 1 16506
-133 -832 6296 -108 72 -18 16546
-97 -521 6101 6 25 -22 16580
-111 -480 6141 92 -43 -24 16607
-61 -333 6351 13 -73 -15 16641
-32 -285 7237 79 52 32 16677
-296 -412 7611 91 -15 28 16706
-479 -654 8168 34 -42 4 16739
78 -1008 8170 -21 36 -60 16773
249 -1022 7777 -17 11 -49 16805
-95 -689 9046 147 56 10 16839
-114 -427 11166 344 -120 102 16873
-170 218 10915 22 12 43 16908
-607 -48 11149 -43 -44 13 16943
-502 -42 9558 46 -44 28 16976
-405 -121 9327 47 -33 25 17007
-152 -83 8010 -42 -83 15 17042
128 -320 7060 -136 32 17 17078
246 -367 6235 -96 -29 9 17107
309 -279 5142 20 -63 34 17142
376 -418 5335 16 -66 51 17172
220 -212 5228 -1 -70 59 17204
312 -184 5537 91 -56 40 17236
27 230 5446 25 -74 21 17271
29 221 5649 -7 -19 -5 17297
-335 148 6726 15 -40 6 17331
-335 93 7239 95 -54 -4 17361
-309 70 8436 145 -102 -43 17396
-92 175 8831 87 -55 -55 17425
-115 526 10301 87 39 -85 17460
24 532 10492 69 4 -70 17491
517 -376 10622 -24 21 -59 17521
371 -398 10924 -37 80 28 17555
-54 -842 11061 37 10 43 17591
-251 -941 10408 -114 78 32 17625
-60 -1185 9522 -74 31 -14 17659
-72 -1091 7793 -136 17 14 17690
160 -1165 6757 -191 117 7 17725
-309 -1351 6731 -25 19 99 17761
-280 -1170 6544 45 -34 86 17794
-738 -944 6381 -69 -53 91 17830
-420 -759 5686 -171 121 21 17869
-660 -588 5519 -106 70 -25 17898
-939 -579 5827 -54 62 1 17933
-1161 -883 6530 -4 21 30 17967
-1106 -732 6997 -39 12 17 18000
-1583 -1217 7889 -71 69 22 18032
-1701 -1467 9062 53 -44 -19 18069
-1635 -1332 9824 43 -42 -110 18106
-1234 -1418 9907 -14 29 -52 18148
-1033 -1523 10483 111 -52 0 18179
-596 -1569 10089 2 -39 25 18217
-681 -1639 9430 -46 -43 30 18250
-192 -1718 8347 -38 39 1 18286
-598 -1524 8148 53 -29 47 18318
-263 -1324 8253 110 -69 37 18352
-440 -994 8260 45 -29 57 18390
-354 -473 7076 -123 25 -9 18426
-279 -395 6909 -149 95 -37 18455
-546 -703 7041 -13 40 36 18490
-737 -732 7384 84 -50 33 18526
-650 -710 7650 -38 -30 50 18557
-673 -995 7252 -68 37 10 18594
-637 -1027 7546 -38 41 -59 18625
-974 -837 7669 -4 -45 -15 18660
-380 -951 7656 23 -39 -17 18699
-556 -704 7656 -62 11 -5 18729
-521 -925 7782 -33 -41 -22 18764
-466 -915 8457 96 -47 -5 18798
-493 -569 7867 -33 -75 -24 18832
-347 -706 8625 -23 29 -26 18866
-174 -628 7835 25 -69 -20 18902
50 -688 8138 -25 33 -20 18936
-133 -764 8388 -16 -9 32 18966
-58 -975 8284 8 13 5 19002
-311 -933 8337 -18 -3 20 19028
-247 -925 8336 19 -7 4 19065
-271 -865 8665 24 -3 9 19093
-343 -705 8625 4 -26 14 19125
-382 -584 8103 -90 19 1 19157
-541 -650 7793 -74 3 14 19192
-571 -940 7547 -9 -32 17 19225
-242 -916 7987 20 12 -14 19255
-520 -685 7977 -15 -12 14 19291
-387 -990 7876 -48 -2 -18 19323
-411 -823 7541 -92 16 -21 19356
-327 -1021 7739 34 3 10 19392
-412 -852 7947 22 -19 12 19430
-404 -828 8121 -29 -38 -8 19455
-428 -1033 8131 -50 72 -9 19493
-646 -1157 8359 60 -4 1 19525
-346 -1003 8589 50 -33 -4 19560
-346 -863 8426 -42 24 22 19592
-215 -851 8130 -32 14 11 19625
-214 -718 7662 -34 -19 1 19661
-308 -958 8153 40 -12 26 19692
-349 -856 8193 31 -58 25 19725
-445 -874 8381 -45 33 8 19763
-447 -784 8023 -13 22 0 19791
-212 -795 8078 35 -14 -29 19823
-152 -587 7748 -27 6 2 19859
-320 -666 7782 -21 -5 24 19888
-302 -680 7890 15 -60 11 19922
-252 -685 8291 -9 15 8 19961
-452 -557 8483 5 25 23 19986
-235 -641 8472 -20 18 -14 20017
-395 -506 8652 -30 34 -4 20052
-114 -591 7889 -34 -10 -4 20088
-184 -822 7788 -16 37 5 20119
-257 -932 7933 14 -34 21 20151
-152 -877 8127 9 -16 -14 20186
-271 -712 8223 -6 25 0 20219
-276 -354 7553 -35 -31 -15 20255
-94 -815 7676 -27 30 -10 20288
-263 -705 7853 38 -2 27 20318
-381 -632 8218 63 -51 68 20350
-346 -831 8609 -25 40 -20 20385
-413 -608 7956 -29 -5 -16 20417
-132 -789 8348 45 -17 -4 20454
-245 -454 7765 3 -72 4 20485
156 -572 7753 -19 -38 13 20517
43 -677 7778 6 51 34 20549
-161 -459 7720 27 -54 17 20579
-277 -516 8947 -1 -16 25 20614
-496 -239 8273 -3 44 -4 20645
-327 -252 8247 -52 -57 -48 20677
-251 -240 7907 -42 48 2 20715
82 -649 7748 33 27 -7 20745
235 -600 8027 15 3 -8 20775
80 -712 8091 -43 22 24 20810
-49 -862 8030 -36 18 9 20837
-321 -836 8349 29 -9 -2 20868
-299 -533 7987 -52 1 -13 20902
-263 -297 8190 -18 -23 13 20933
-601 -84 7932 -34 9 15 20970
-404 -512 8519 -39 18 -30 20997
-180 -519 7800 -2 15 -6 21035
-97 -741 8347 76 17 12 21066
38 -694 8344 11 -33 -4 21097
251 -662 7663 -47 32 -18 21130
60 -745 8155 46 42 20 21161
162 -489 8203 97 -82 24 21191
-408 -55 8382 -63 -64 33 21224
-646 -198 8740 -122 56 23 21257
-573 -135 8407 64 26 -11 21293
-380 -130 8407 -5 -53 -24 21325
-142 20 7827 -63 32 -25 21365
-45 -195 7062 -85 16 0 21391
310 -857 8043 57 -34 25 21429
442 -579 7711 87 -5 40 21454
112 -637 8251 6 -82 1 21485
63 -614 7753 -86 30 -22 21517
-194 -813 8266 85 98 8 21548
-280 -471 9023 155 -125 -13 21580
-145 103 7846 -132 -89 -27 21617
-4 -210 7406 -160 57 -22 21651
-13 -625 8139 126 45 24 21684
-227 -316 8897 125 -89 2 21719
92 -85 8389 -108 -25 -13 21750
219 -255 7411 -146 110 -43 21783
3 -697 8499 123 -76 0 21820
24 -445 8266 82 -135 18 21849
68 -247 7972 -122 88 4 21887
146 -193 7952 -71 60 23 21910
110 -636 8293 94 10 -14 21946
-150 -299 8937 34 -131 19 21981
28 -57 7472 -108 44 -10 22011
-119 -454 8310 2 50 -5 22048
-55 -240 7760 46 -62 -9 22074
32 -409 8798 30 -81 5 22107
-276 -274 8493 -43 -12 37 22137
62 -505 7915 -60 70 -50 22170
239 -621 8390 59 -6 -67 22205
309 -237 7892 52 -81 0 22236
233 -397 8309 -72 69 20 22267
-29 -497 8271 -7 -12 25 22298
19 -540 7730 -5 29 -21 22333
4 -637 8227 4 -36 -3 22363
-74 -228 7807 39 -87 -10 22390
-242 -349 8674 34 53 -18 22431
-232 231 8396 -38 -76 -14 22458
-21 -153 8375 -10 51 -24 22494
-6 -103 8533 30 -26 -2 22526
92 -74 8194 15 43 17 22556
256 -409 8261 -93 66 -29 22586
166 -593 7940 -29 3 -23 22619
182 -633 7755 14 -62 -17 22654
-77 -724 8718 44 -44 25 22684
-285 -12 7606 -36 -26 16 22717
-182 -484 8390 -20 36 -34 22752
-89 -83 7659 0 -32 4 22785
-112 -67 7882 50 29 -10 22813
-326 -214 8931 -5 -19 40 22846
-171 -289 8207 -36 99 -6 22881
204 -637 8436 5 29 -59 22913
267 -560 7835 13 -89 -52 22948
170 -345 8275 -27 -4 12 22979
-102 -200 8442 27 -54 51 23009
-148 -83 8317 -1 -5 30 23043
-193 -122 8920 -41 18 -7 23074
-577 307 7384 -106 12 -12 23109
5 -457 8095 -10 53 -41 23141
154 -303 7577 18 46 0 23172
-76 -362 7830 36 28 34 23203
55 -928 9061 68 -49 43 23234
-96 -682 8191 -42 -19 -16 23265
17 -572 7759 -68 0 -48 23301
-288 -259 7936 6 40 39 23331
-705 -254 8387 100 -61 54 23362
-377 -90 8922 -12 -98 -20 23402
-421 392 7599 -172 65 -14 23430
71 -78 7939 34 -11 -46 23471
-87 -43 7551 25 -72 -29 23494
74 -385 7897 55 -82 36 23530
427 -138 7835 -28 23 10 23559
72 -531 8216 -46 91 15 23592
-240 -719 8539 14 47 18 23622
-153 -481 8331 1 -14 -4 23657
53 -366 8129 -11 -12 -62 23687
261 -336 7965 -10 -8 -38 23721
4 -389 8563 27 4 -2 23756
-198 -490 9159 121 16 61 23780
-641 144 7933 -137 -47 47 23817
-454 -173 7996 -176 -34 -29 23856
-482 -43 7125 0 -83 3 23887
-287 35 7559 138 -97 -18 23916
-53 -275 9178 71 -63 -11 23949
42 316 8273 -104 189 9 23988
35 -51 8801 -62 84 -99 24018
32639 32639 32639 27263 32639 32639 24047
336 -791 8384 85 -25 45 24091
361 -653 8347 -197 24 -33 24124
-131 -677 8590 2 14 32 24156
-465 -678 8373 150 -26 90 24188
-458 -411 8327 -114 -58 -30 24224
-410 44 7334 -140 1 13 24259
-357 321 6202 -79 34 -18 24289
-327 -465 9380 185 -155 -77 24325
-105 293 8268 114 -128 -29 24359
158 257 8024 -104 97 -54 24397
395 -731 8387 -52 228 -68 24427
252 -652 8184 175 -1 37 24464
277 -527 8385 -7 -76 -1 24494
279 -324 8106 -36 -11 10 24533
90 -380 8316 99 45 74 24558
-389 -34 8351 -52 -113 17 24592
-161 263 8167 -81 -62 12 24625
-113 660 7327 -102 53 -5 24658
-191 94 8140 27 -18 -50 24693
128 48 8779 91 -88 -48 24723
-153 829 7545 -66 45 10 24755
515 -246 7488 -133 111 -95 24787
352 -204 7164 25 -10 -34 24824
664 -402 8226 165 18 -7 24855
32 -248 8834 -14 -102 25 24890
70 -387 8734 -70 35 12 24921
-486 -296 8880 5 0 -7 24952
-396 -84 8517 28 -54 -27 24982
-127 28 8501 5 7 -38 25016
132 213 8262 -1 22 -29 25045
279 135 8287 -49 16 25 25082
256 -60 8760 10 33 -16 25105
133 246 7803 -32 -72 -28 25141
453 -287 8158 -72 54 -30 25172
-170 35 7926 -32 -11 46 25205
-377 -332 8631 50 -12 33 25238
-99 -144 8794 -19 -13 -16 25271
-340 471 7445 -119 7 -28 25305
324 -457 7477 -55 16 -79 25340
621 -417 7212 138 37 9 25378
378 -479 8151 229 18 41 25401
-379 16 9749 19 -63 64 25436
-176 254 8720 -153 22 18 25464
-458 -99 8498 -115 7 -24 25500
-178 -156 7834 32 -58 -39 25533
248 -215 7833 37 -44 5 25568
307 -67 7610 -53 -22 -8 25602
267 -175 7796 -21 -10 -16 25636
45 -263 8062 59 -26 -8 25662
107 -63 7636 14 -33 -32 25697
300 76 7709 -38 8 -40 25728
154 -73 7498 23 29 36 25759
182 -156 7724 14 2 -7 25788
22 -167 8431 20 -72 -12 25818
404 -206 8571 72 -29 -33 25851
69 132 9004 -3 -26 -11 25887
224 161 8621 -47 -25 -33 25915
333 148 8361 0 10 11 25948
385 87 8147 -16 18 -27 25978
235 47 8349 -52 -23 17 26015
-45 26 7962 -39 45 52 26038
123 -145 7766 -89 -1 -26 26070
31 -294 8379 38 -47 -35 26105
14 23 8112 64 5 -18 26140
105 264 8110 -83 32 -43 26164
446 27 7681 -126 94 -46 26196
315 -141 8095 42 84 28 26228
211 -521 8988 130 -72 44 26262
110 -232 9217 -51 24 -61 26293
167 -87 8984 -60 28 -14 26326
32 46 8443 -1 -18 -4 26358
217 -35 8845 33 -52 -23 26388
774 470 8032 -4 -18 -9 26421
740 481 7802 -68 63 -3 26451
572 47 8189 -20 44 6 26482
621 93 7832 59 -72 12 26512
616 102 8363 40 -13 -9 26541
284 272 8416 -2 -6 49 26573
514 287 7767 -58 -27 -37 26602
478 306 8263 -50 45 -53 26636
718 475 8376 120 33 17 26673
285 309 8711 101 -45 31 26698
494 507 8805 -68 15 -43 26733
469 584 7692 -109 40 -19 26763
576 66 7506 -40 6 -13 26797
628 -149 7947 59 -29 12 26829
635 131 8463 78 -42 31 26860
121 383 8645 -27 35 34 26890
267 314 8743 -37 61 -36 26922
101 734 8460 -6 -35 -38 26954
387 437 7730 -40 25 3 26988
730 142 7732 -10 45 -11 27015
595 49 8732 121 -10 29 27051
247 226 8255 -68 -32 57 27079
489 -111 8795 -58 82 -50 27112
314 551 7568 1 -113 -19 27147
325 -1 8184 -38 -17 -8 27178
578 479 8015 -32 -4 14 27213
102 476 8455 99 23 72 27240
-298 916 8419 -96 -101 48 27270
464 248 7852 -101 30 -90 27311
295 151 7443 94 -4 -32 27338
633 319 7435 101 7 -30 27369
869 26 8790 49 -69 -61 27404
517 327 8270 18 -13 47 27431
686 251 7806 -64 17 -29 27462
587 154 8938 34 -53 -85 27497
327 634 9009 150 -20 32 27527
480 908 8677 -59 31 -15 27559
209 723 8771 -171 10 12 27591
178 251 7753 5 26 1 27626
225 -60 8165 87 -19 34 27650
17586 32639 32639 5633 23808 16416 27686
300 461 9020 25 92 -14 27735
272 544 8656 -19 26 -22 27756
665 514 7988 -92 -36 -70 27790
1124 66 7705 47 83 -2 27825
521 -17 7554 81 -5 64 27855
-376 -138 8407 -92 -90 78 27884
-275 -148 8115 -152 -61 91 27918
-346 -301 7753 12 66 33 27955
-426 -371 8905 111 -52 -98 27990
127 177 9048 108 94 -77 28023
381 627 9966 -29 196 -67 28053
525 670 10303 -79 23 -74 28086
1062 566 9040 -42 18 -2 28122
263 50 9217 -80 105 75 28153
-244 -186 9044 -121 -9 99 28183
-409 -527 8353 -205 25 43 28217
-331 -886 8259 -61 58 -27 28254
-132 -733 7342 35 17 -54 28284
-143 -448 7416 -33 57 -32 28322
-64 -301 6967 -37 89 36 28353
-241 -577 6798 -41 37 42 28386
-294 -659 6665 -23 -77 -2 28421
-170 -720 6537 20 -40 17 28454
-95 -736 6443 33 -20 -6 28486
17 -557 7475 62 -22 -16 28521
-4 -403 7761 101 15 46 28551
-586 -450 8813 79 -28 20 28583
-764 -385 10065 127 -101 -1 28615
-949 133 9399 25 -80 37 28654
-714 -7 9459 -11 -112 -12 28684
-312 -188 8136 11 -95 -12 28721
59 -258 7366 10 -82 -8 28753
459 -882 7238 -17 -20 -16 28784
597 -927 6751 84 -74 -2 28818
765 -790 6332 61 -56 -26 28851
673 -722 6414 82 -34 -8 28884
124 -145 5570 58 -106 76 28919
685 388 6268 -92 -30 4 28949
430 423 8586 159 -48 67 28981
-144 1257 9262 80 -10 63 29013
-319 1375 9706 -183 -109 -52 29049
-134 1277 8967 -93 59 -59 29083
503 -360 8679 -13 151 -48 29119
282 -477 10015 3 -33 -3 29152
491 -398 9424 -94 85 40 29187
251 -598 9535 -41 35 -28 29218
210 -346 8940 -7 -29 -34 29253
825 -303 7475 -140 54 -72 29283
465 -626 7389 -3 48 37 29333
178 -539 7552 57 -4 31 29356
99 -350 7069 -27 -50 39 29378
275 -298 6538 -131 63 15 29412
-31 -577 6394 -83 88 3 29448
-334 -769 7033 80 50 34 29477
-544 -753 7781 60 3 45 29509
-1094 -633 9165 27 76 53 29540
-1627 -287 9841 -44 21 8 29576
-1511 -474 9061 -78 9 -65 29607
-1405 -1062 9294 6 29 -40 29642
-1184 -1631 9065 56 -111 23 29677
-947 -1987 9106 -9 -69 19 29714
-1068 -1926 8323 -40 0 13 29746
-937 -1625 8293 -17 12 -25 29781
-816 -772 8407 27 -95 -14 29818
-386 -509 7690 -46 23 -59 29857
-161 -355 7873 -58 40 -18 29884
6 -399 7758 -40 83 15 29919
69 -825 8000 7 -4 -4 29950
-130 -400 8018 15 -34 42 29978
-207 -1182 7206 -71 28 18 30013
-657 -1647 7574 -16 46 38 30046
-976 -1722 7338 19 8 36 30086
-1077 -1660 7386 -45 29 -8 30113
-1191 -1583 7756 21 14 -23 30147
-1318 -1057 7534 -9 -13 -40 30184
-1108 -634 8134 29 -32 13 30222
-1306 -626 8054 -45 -39 -16 30254
-1027 -680 8086 -35 -1 3 30292
-596 -1121 7792 14 -7 -10 30324
-727 -1096 7853 -12 -34 5 30360
-669 -1478 7998 9 14 3 30396
-599 -1603 7923 39 7 21 30423
-839 -1544 8121 10 -22 -2 30456
-802 -1266 8051 12 1 7 30492
-769 -1056 8076 5 -10 -12 30521
-666 -994 8064 -20 -21 -6 30555
-595 -882 8217 26 9 44 30592
-599 -999 8433 -19 33 -11 30621
-302 -1083 8583 23 3 -21 30655
-398 -792 7994 -31 14 -13 30690
-446 -798 7708 -60 7 19 30723
-403 -914 7460 -4 60 24 30758
-567 -932 7517 18 -44 23 30787
-637 -787 7735 -33 -45 6 30820
-694 -605 7869 -25 15 9 30854
-1110 -362 7798 -16 -10 1 30889
-968 -600 7843 -34 -38 -31 30925
-771 -825 8016 60 33 7 30957
-685 -615 8121 34 9 20 30988
-591 -732 7422 -150 40 -46 31018
-401 -1160 7779 -70 76 -28 31054
-822 -1409 8562 162 -87 22 31096
-799 -1320 9408 140 -175 20 31123
-750 -672 8386 -108 30 4 31162
-1048 -697 8410 -30 47 -16 31196
-1058 -677 8336 37 -3 -15 31230
-575 -1061 7635 -86 32 -35 31267
-327 -1435 7559 -8 45 -8 31299
-216 -1440 7225 1 -34 -29 31332
-326 -1099 8375 91 -60 29 31375
-399 -578 7762 1 -68 15 31400
-691 -678 8031 -132 3 -11 31435
-882 -656 7931 46 32 53 31471
-826 -677 7952 111 -40 9 31500
-854 -370 8852 -42 -56 12 31536
-649 -252 7621 -100 114 -27 31568
-157 -1013 7828 51 24 -37 31606
555 -1050 7081 81 -84 -30 31638
467 -1405 8702 158 52 104 31675
-173 -982 8607 14 -26 67 31707
-258 10407 21780 -258 -258 -258 31740
-799 -333 7141 -51 -7 14 31781
-240 -1112 8137 199 21 -39 31814
-331 -183 8749 97 -158 -18 31849
22 -236 8640 -110 141 5 31886
-283 -376 8479 -110 101 -8 31917
36 -713 8059 58 -102 -37 31955
163 -924 7417 -4 16 14 31991
-317 -885 7648 -35 21 33 32015
-460 -950 8486 0 20 28 32052
-578 -437 8452 0 -13 -36 32082
-846 -75 8207 -61 -65 -11 32114
-384 -20 7619 -54 -13 -20 32150
-262 -299 7598 24 -12 0 32187
-2 -345 7508 7 30 37 32215
-165 -764 8840 90 122 20 32245
-329 -226 8355 -42 -17 -2 32279
-438 -627 8255 -75 118 -53 32312
8 -797 7411 59 -45 -25 32349
109 -622 7566 -5 -22 -24 32380
-15 -339 7679 -105 -34 -23 32411
-174 -496 8518 148 -1 1 32449
-485 -130 8672 34 -85 -45 32480
-282 -98 8203 -132 39 -50 32519
52 61 7850 38 86 3 32549
-31 -493 7662 84 35 -15 32574
-91 -249 8931 65 -21 26 32609
49 -654 7889 -84 0 0 32640
-85 -639 7340 -143 62 -30 32669
-239 -739 7562 -37 -27 -22 32704
31 -616 7792 192 -131 -7 32740
-370 -74 8860 96 -65 79 32772
-288 596 8461 -177 66 14 32804
-580 317 9067 -31 73 -7 32839
-679 189 8319 37 22 -39 32869
293 -1000 8329 3 -6 -103 32902
446 -397 7550 -21 37 31 32937
400 -924 8151 -45 67 20 32972
4 -979 7779 -39 -85 34 32999
71 -685 7098 -28 0 -1 33031
-473 -184 7854 -7 -52 36 33067
-533 -327 8464 79 -2 50 33092
-899 628 8843 27 -27 -11 33128
-924 577 8914 -163 -41 -70 33160
-336 126 8342 23 138 -53 33198
579 -522 7229 61 -12 -103 33229
697 -943 8577 27 -47 -54 33264
830 -502 7541 -6 -51 44 33296
138 -880 8144 4 9 49 33329
-478 -706 8427 -43 -83 3 33357
-532 54 7701 -36 -53 33 33397
-320 -36 7866 -5 16 -8 33421
-100 265 8101 -2 -14 -57 33456
-115 382 8362 -18 64 1 33487
159 156 8164 -66 50 -21 33518
102 -372 8506 6 49 23 33550
78 -423 8313 12 -18 19 33587
-197 -759 8295 47 -21 52 33613
-135 -769 8132 41 20 -2 33645
-85 -603 7714 -49 -17 -30 33677
64 -477 7685 -1 26 -28 33714
60 -94 7710 53 -86 -1 33744
-174 -43 7753 -9 -79 25 33773
54 62 8454 11 12 37 33805
-190 62 8490 38 33 23 33834
-401 15 8435 -40 -61 -47 33863
-23 201 8171 -33 -58 -28 33897
676 -305 8399 65 63 -15 33932
437 -129 8432 30 -49 -24 33963
325 -129 8796 -80 33 2 33996
233 -214 8205 -78 28 7 34027
-3 -440 7999 22 29 3 34060
-97 -442 8144 1 -19 -19 34087
-415 150 8144 -74 17 18 34138
-617 -5 8275 -57 35 -44 34161
-282 -211 8747 61 -1 -21 34191
-366 249 8290 27 -27 9 34216
67 -182 8325 -85 30 -4 34251
-260 -402 8482 44 18 40 34280
-358 -269 8030 44 -62 5 34312
3 -400 8347 -65 -67 -38 34344
111 -217 7770 4 21 -8 34379
109 -260 8082 63 7 9 34405
-38 -86 8151 -22 -43 -13 34438
167 -207 8235 -8 63 30 34470
57 -283 8459 53 31 -7 34500
-8 -332 8652 9 -26 -41 34530
263 -239 8599 -7 -21 -31 34562
199 80 7674 -61 39 -2 34595
138 -411 7482 -67 -32 -29 34627
31 -545 7350 43 -33 30 34663
-216 -673 8452 80 -71 33 34697
-273 -325 8371 -8 -64 -1 34723
-326 147 8371 -46 9 -46 34758
-350 286 8001 -29 -4 -30 34789
152 -147 8249 47 -16 -32 34823
594 -345 8367 49 9 43 34858
490 -681 8502 -27 60 61 34886
148 -828 8612 -3 29 20 34918
110 -667 7992 -5 -49 -26 34950
339 -649 7374 -33 -81 -44 34983
207 -545 7697 44 -38 16 35019
77 -66 8095 58 -2 53 35049
-257 150 8807 -41 9 -10 35079
-403 199 8937 -28 36 -20 35111
-52 359 7695 -39 49 -42 35146
95 -46 7445 -95 -13 -52 35180
421 -239 7804 20 7 2 35208
194 -767 8039 112 0 65 35238
-114 -761 9575 68 -33 18 35268
35 -260 8852 -96 42 -45 35308
-49 -161 8443 -33 107 -28 35335
-31 -300 8243 27 -16 -24 35369
255 -277 8132 5 22 29 35404
80 -390 8117 -65 106 -4 35433
-191 -556 8512 -33 22 -13 35464
-272 -258 7876 -52 -46 35 35499
-69 -605 7889 -53 -61 -36 35535
-326 -351 8414 119 -47 45 35567
175 -267 8155 -27 85 -33 35603
-269 -234 9170 -15 41 -48 35635
-82 96 8298 16 26 -39 35669
156 -441 8284 -34 -36 -50 35702
346 -667 7534 -8 -70 5 35737
418 -912 7332 26 40 11 35765
-220 -900 8414 68 -46 8 35796
-104 -336 7802 -59 -34 -22 35831
-343 10 7881 -44 -20 -23 35863
34 -219 7816 57 -14 -44 35897
154 144 8461 85 34 -14 35931
117 151 8918 -59 46 8 35962
-5 -299 8706 -74 47 25 35990
203 -642 8149 -11 58 29 36022
190 -990 8094 48 -36 18 36054
293 -836 7925 -19 -46 10 36087
-11 -661 7904 -37 6 29 36121
-312 -283 7935 -10 -22 40 36151
-324 -373 8298 -6 -7 14 36185
-114 -84 7878 -35 29 -13 36223
-593 -139 8060 -28 17 37 36255
-59 -466 7967 -7 -11 -5 36283
-217 -355 8497 61 3 15 36318
-290 -141 8270 -9 -27 45 36346
-69 -688 8926 -2 -7 -32 36381
-457 -8 7408 -27 -31 59 36412
-78 -722 7892 -45 -62 -4 36447
-133 -411 7346 -6 -63 43 36482
115 -501 7473 55 -3 16 36512
-225 -603 8875 67 3 31 36542
-7 -393 8333 -82 71 -43 36576
-221 -61 8725 -31 23 -33 36607
-326 283 7654 -62 -74 1 36640
-16 -311 8503 19 46 32 36671
-24 -559 8084 34 36 55 36703
-307 -862 9156 -27 19 4 36736
-448 -536 8237 -114 -16 -35 36767
137 -625 7079 -33 30 -60 36809
112 -811 7259 50 -57 -44 36837
-212 -674 7731 64 -118 56 36869
-418 -546 8369 -77 -24 45 36906
-438 -267 8190 -67 36 -12 36938
-340 -279 8236 52 10 -24 36974
-417 -347 8646 84 -54 21 37006
-39 -384 8561 1 -43 37 37039
-187 -471 8243 -43 2 43 37070
496 -752 7764 -14 65 -19 37104
558 -747 8281 100 0 -49 37135
72 -384 8327 0 -33 -12 37168
122 -430 8629 6 32 10 37199
-159 -266 7903 -41 28 1 37229
-318 -477 8213 -48 68 13 37263
-296 -581 7693 -35 31 -8 37299
-288 -806 8287 21 26 -28 37334
-160 -564 8370 30 -25 9 37359
-324 -330 8590 37 41 -37 37395
-24 -380 8475 19 30 25 37427
-268 -447 8445 -17 45 1 37459
-349 -186 8066 -51 -5 28 37492
-717 -230 8265 -27 -16 37 37523
-681 -354 8477 16 -71 35 37558
-473 -105 7808 -100 -43 7 37594
-493 -26 7886 -68 -64 13 37626
-444 166 7111 -9 -28 60 37658
333 -592 7752 143 57 3 37692
273 -278 7713 36 23 24 37723
-79 -353 8070 -18 83 -2 37754
-65 -669 8107 1 7 -27 37785
-459 -249 8215 84 -9 -6 37815
-232 -279 7856 -53 -73 -44 37854
-304 -29 8178 -43 -36 -50 37884
-582 213 7805 34 -15 8 37920
-178 -341 8515 39 -12 -22 37949
200 -210 8371 7 -37 -21 37984
-110 233 7655 -101 12 -59 38016
-137 -389 7964 24 -10 7 38052
265 -331 7051 33 11 2 38081
-72 -650 8439 -17 -2 2 38113
-181 -291 8976 31 -28 -24 38143
-384 31 7826 -105 -2 -48 38180
-410 -409 8299 -7 -34 -66 38210
219 -423 7271 29 19 -34 38250
-140 -474 8780 92 28 -5 38281
-302 -251 8780 7 15 35 38310
-152 -359 8380 -71 73 -9 38340
-315 -471 8241 -17 -41 -5 38380
-178 -461 7630 13 -40 -31 38408
-55 -447 8192 48 -103 33 38443
-113 -97 8325 -13 77 12 38479
-361 8 8392 -91 21 -28 38508
-159 -131 8515 -25 10 -37 38539
-224 -77 7486 -15 -39 -6 38576
54 -370 7977 33 9 -21 38608
-5 -232 7783 1 1 26 38637
-267 -293 8094 -38 56 -11 38666
-347 -533 8604 -5 15 -12 38700
-260 -173 8056 0 -75 -39 38736
-356 -432 7969 -48 -13 -23 38766
-112 -304 7649 30 17 -8 38801
28 -482 8228 75 30 -30 38836
-129 -373 8374 -38 -39 -31 38866
-36 -227 7999 -23 79 -18 38901
-54 -403 8142 51 -74 -16 38939
-261 -327 8767 73 -44 26 38967
-155 -197 8873 19 8 -3 39001
-281 159 8493 -113 34 3 39034
-206 -150 8322 -81 57 -26 39064
59 -165 7624 -25 10 -26 39098
262 -533 8013 61 -19 46 39133
44 -766 7881 7 44 29 39163
22 -753 7987 -41 20 12 39190
-386 -441 8194 -55 18 -26 39225
-780 -164 8055 -23 -77 -15 39258
-326 -211 8107 0 -89 5 39299
-479 -241 7851 -42 28 23 39324
-198 -354 8201 9 38 35 39357
-145 -391 7863 -12 50 -10 39389
-283 -691 8725 38 -123 -27 39425
-11 -729 7792 -19 -33 -12 39464
74 -706 7944 60 -56 25 39492
162 -421 7047 -4 7 -5 39523
-88 -781 8417 5 67 -8 39554
-158 -39 7895 4 -30 23 39584
-145 -253 8125 -5 -39 -20 39615
-371 104 7642 -74 -63 8 39651
115 88 7041 -63 -11 49 39682
276 -457 7559 26 21 27 39713
-95 -681 8496 109 17 -17 39744
-356 -184 9578 84 -3 -6 39777
-303 -102 8906 -66 49 -63 39811
19 -338 8196 -6 51 -42 39844
404 -796 7405 28 -35 -23 39875
238 -617 8126 2 3 46 39910
51 -646 8224 -38 2 36 39936
-515 -353 8869 -43 -44 -11 39973
-566 -147 8125 -56 -69 -22 40003
-115 -486 7921 -10 -34 -21 40040
-35 -283 8066 12 -26 31 40078
-229 -339 8595 8 51 33 40104
-373 -121 8347 -107 15 20 40140
-152 -576 7956 -45 41 -24 40171
-30 -1138 7997 103 -34 8 40207
118 -986 7755 49 2 7 40239
-375 -923 8824 11 30 18 40272
-444 -389 8252 -54 -22 -17 40300
-5498 -23941 27263 -34 -8528 7179 40338
132 -381 7557 55 62 -34 40380
41 -128 8065 86 21 20 40411
-114 -260 8138 -52 21 12 40441
-244 -24 7687 -109 -3 13 40475
-318 -611 7830 26 0 -37 40511
-462 -507 8184 68 -109 22 40539
-87 -390 8418 11 86 -51 40576
-333 -217 8849 -46 29 -8 40607
-334 -270 8194 -37 41 3 40640
2 -566 7945 -5 -4 -21 40671
118 -803 8001 36 56 37 40702
-151 -928 8591 58 -8 43 40735
-374 -734 8829 5 4 4 40765
-373 -362 7976 -93 31 -31 40795
-374 -522 8332 -9 -10 -46 40829
-307 98 7182 -8 -39 -15 40865
-208 -489 8065 4 2 -25 40895
-126 -252 7970 20 16 25 40926
-256 -222 7917 -4 22 14 40959
-1 -619 8129 -48 -18 -35 40993
-104 -372 7702 41 -33 2 41024
-219 -683 8168 72 -19 -2 41060
-168 -462 8924 54 -54 7 41090
-133 -320 8245 -110 65 -5 41124
-360 -470 8249 -64 27 -28 41156
-3 -449 7602 39 -44 -9 41192
-46 -560 7705 -9 -62 24 41222
171 -508 8069 6 -2 11 41259
-320 -230 7896 -14 19 35 41285
-435 -405 8300 -52 10 -50 41317
-266 -358 8451 63 10 -19 41354
-322 -138 8658 81 -6 11 41385
-12 -160 8856 -63 41 -11 41418
-125 -285 8038 -75 39 19 41452
-211 -748 8017 -21 19 -19 41484
-21 -740 7409 -4 -42 -6 41520
-22 -729 7608 -6 2 -19 41552
-113 -508 8322 20 -36 8 41585
-212 302 7816 -16 -40 25 41614
-379 -499 8573 -27 68 -53 41650
-438 -288 8672 85 -16 -5 41682
-369 -141 8063 40 -4 8 41714
-14 -548 8479 -56 37 -12 41746
305 -484 7432 -23 -6 -26 41782
103 -778 7797 12 -23 2 41813
110 -827 8053 63 -26 32 41844
108 -623 8042 59 -50 11 41875
-558 -384 9139 -20 34 -28 41914
-519 438 8043 -87 -53 -48 41943
-399 26 8269 -17 23 -48 41979
-281 161 7728 -12 -2 52 42009
628 -71 7024 10 16 -12 42042
13 -295 8172 -103 18 14 42072
-66 -696 7915 39 -3 -25 42110
-621 -690 8810 141 -51 0 42137
-522 -393 9578 121 -84 -49 42171
30 306 7706 -142 113 -44 42207
-56 -57 7785 -131 88 -36 42239
51 -416 7314 -11 43 6 42272
-415 -1069 8373 160 -18 57 42308
-195 -787 8679 24 -96 38 42337
-363 -358 8467 -98 9 -8 42371
-726 290 7894 -89 -121 -45 42406
-707 -177 7852 17 -76 14 42439
391 -727 8458 175 24 -36 42471
44 399 8680 -32 66 20 42507
-50 -127 8601 -203 54 -34 42536
153 -492 7291 -92 98 -27 42571
156 -732 6554 112 -191 -55 42604
-310 -942 8664 134 -102 100 42644
-323 -37 8516 -110 26 26 42675
-672 301 8625 -160 32 -13 42708
-564 -72 7927 60 6 -79 42744
-45 -520 8164 166 -40 -26 42773
438 -334 8340 53 27 44 42808
541 -198 8279 -71 83 89 42839
-27 -633 7816 -93 8 -24 42873
-134 -904 7541 -20 -81 -22 42903
-3 -897 7675 75 -91 -10 42939
-513 -341 8793 9 -20 41 42973
-537 451 8738 -75 -15 25 43004
-535 491 8047 -112 70 -4 43036
-370 147 7258 -86 -7 12 43072
624 -894 7204 40 -38 -22 43102
429 -815 8057 110 -62 57 43135
133 -712 8378 -22 -19 24 43175
-287 -438 8690 -70 -38 -4 43202
-718 -215 8324 -8 -21 -17 43236
-468 -329 8564 38 -108 -45 43277
-73 -2 8185 20 59 -2 43306
236 104 8056 -48 113 28 43335
592 -154 7998 -82 76 39 43367
257 -490 7674 -11 14 42 43401
-50 -812 8375 163 17 59 43432
-479 -686 8569 24 -35 34 43465
-585 -280 8585 -100 -13 -32 43497
-106 -163 8000 -101 -26 -51 43535
-144 -96 7699 -14 -41 7 43572
-60 -352 8502 13 -75 -16 43603
-315 -219 9056 64 17 49 43636
-440 -184 8620 -6 -24 -31 43669
3 -444 8011 -35 -7 -70 43711
458 -743 7757 24 18 -88 43736
230 -781 7588 108 6 12 43766
518 -627 8394 45 -32 -29 43798
129 -186 8070 -117 5 -11 43830
-307 -45 8002 -99 -54 -10 43863
-773 -219 7941 32 -87 8 43900
-378 -16 8442 76 -43 0 43929
-439 438 8352 5 75 8 43961
-298 288 8104 -129 102 -16 43990
315 -477 7615 -42 118 4 44028
641 -551 7583 110 11 3 44058
164 -1117 7970 98 -31 104 44089
-273 -995 8630 -8 -70 50 44123
-580 -230 8080 -139 -72 50 44159
-205 -403 8092 -23 -43 -55 44192
-85 102 7983 47 5 -30 44236
-186 280 8503 -11 20 -11 44259
-247 266 8070 -107 -14 81 44291
419 -423 8152 28 21 11 44327
-65 -326 8254 63 -10 52 44361
-14 -363 8604 8 -8 13 44388
-34 -337 8137 -112 48 -38 44419
-185 -260 7896 -54 27 -51 44455
-39 -559 8133 74 1 -66 44487
113 -208 8224 38 -73 -11 44518
-188 -223 8269 -62 57 27 44554
-418 -230 7878 -124 1 7 44585
-582 -504 8036 -40 0 -38 44618
-322 -277 8136 7 47 -24 44650