-2876 -3142 7649 4 -21 84 4
-2892 -3176 7595 29 -9 34 47
-2725 -3110 7668 10 -14 32 69
-2686 -3055 7767 -4 -44 20 91
-2635 -2841 7817 -4 -73 16 114
-2463 -2769 7715 -4 -5 29 145
-2338 -2878 7957 -17 72 29 176
-2462 -3035 8171 -21 78 48 210
-2373 -2926 7873 -47 -21 49 246
-2252 -2954 7556 -45 -20 61 277
-2197 -3028 7296 -7 -17 71 311
-2168 -3100 7633 13 32 65 346
-2305 -3079 7761 -14 40 73 378
-2479 -2985 7651 -61 45 84 411
-2555 -2983 7401 -25 -27 73 445
-2474 -3068 7480 31 -66 55 478
-2310 -3049 7877 15 6 15 514
-2165 -2801 8044 -44 21 0 546
-2155 -2782 8022 -77 85 26 574
-2200 -2874 7679 -39 8 59 608
-2286 -3029 7718 -3 -18 91 640
-2527 -3030 7928 20 1 108 675
-2550 -3108 7937 17 -60 75 705
-2615 -2870 8075 -12 -46 61 739
-2335 -2809 7951 -11 -30 22 775
-2232 -2658 7852 -50 -9 3 808
-2113 -2717 7975 -22 87 -5 840
-1997 -3027 8004 37 77 9 875
-2121 -3145 7767 -32 23 51 904
-2106 -2940 7398 -20 25 58 938
-1877 -2764 7145 12 -109 8 973
-2820 -2356 7412 99 -120 100 1004
-2569 -2468 8109 67 -36 63 1042
-2342 -2056 7689 -84 -17 4 1078
-2753 -2065 7643 -84 59 -11 1111
-2717 -2050 7296 -48 8 -6 1145
-2522 -2169 7796 60 -47 -1 1184
-2479 -2175 7657 -25 5 41 1212
-2154 -2557 7911 -40 -11 8 1245
-1962 -2705 7379 -12 0 -12 1285
-2074 -2649 7350 -4 -10 -5 1314
-2239 -2907 8143 42 100 -3 1351
-2111 -3027 8017 -6 -14 -15 1382
-2294 -2486 7830 -29 -39 5 1420
-2301 -1923 7616 -19 13 31 1452
-2390 -2052 8029 41 82 54 1489
-2518 -1816 8224 6 -8 29 1520
-2740 -1807 8438 4 -15 29 1553
-2528 -1660 8374 -9 18 -6 1591
-2646 -1652 8246 2 23 -23 1619
-2290 -1555 7990 -13 -14 -45 1653
-2329 -1430 7231 -67 6 -14 1691
-2364 -1609 7187 -31 7 17 1722
-2592 -1773 7518 24 66 59 1758
-2537 -1972 7909 -8 28 -4 1790
-2942 -1555 7967 -59 27 -24 1823
-2807 -1725 7513 -44 -10 -80 1860
-2474 -1660 6981 34 -90 -93 1896
-2258 -1711 7690 119 -4 -61 1933
-2096 -1386 8237 36 75 -5 1967
-2246 -1361 8429 -17 -19 -23 1998
-2266 -1506 7743 -20 -77 -25 2037
-2257 -1472 7329 14 -13 -9 2071
-2267 -1797 7928 59 59 -8 2107
-2457 -1734 8289 40 11 8 2142
-2461 -1690 8254 -22 3 13 2171
-2460 -1793 7650 -34 -20 -6 2207
-2275 -1906 7193 -7 -22 -58 2239
-2255 -1777 6851 15 -45 -52 2277
-2194 -1849 7238 54 -44 -36 2310
-2342 -1728 7784 63 47 16 2348
-2289 -1724 7739 -70 90 12 2379
-2693 -1527 7837 -44 -51 -33 2416
-2634 -1468 7869 75 -42 -28 2449
-2483 -1606 8179 102 -21 -77 2487
-2254 -1480 8137 -32 -29 -89 2523
-2046 -953 7650 -43 -82 -37 2558
-1701 -1183 6966 18 -26 8 2595
-1806 -1245 7461 36 63 22 2628
-2022 -1505 7971 1 99 23 2665
-2247 -1653 8524 19 40 -41 2692
-2207 -1396 7905 -72 -43 -56 2727
-2268 -1136 7931 20 19 -69 2765
-1917 -1280 8312 62 120 -62 2796
-1933 -1287 8239 -17 31 -32 2834
-2094 -1071 7765 -37 -172 -35 2868
-1795 -994 7209 36 -14 -2 2907
-1742 -973 7380 78 22 15 2939
-1874 -1396 8245 18 93 -16 2973
-2015 -1047 8373 -52 0 -51 3005
-2094 -620 8210 33 -44 -84 3041
-1884 -582 7729 7 -77 -64 3074
-1626 -693 7943 32 5 -62 3107
-1502 -721 7703 -18 -19 -19 3142
-1475 -662 7842 -5 -19 -14 3179
-1529 -840 7746 -11 -17 -6 3212
-1429 -1192 8012 30 115 26 3243
-1582 -1228 8352 -21 84 -15 3285
-1719 -996 8088 -33 -8 -52 3313
-1652 -927 7639 8 -52 -65 3349
-1512 -823 7476 29 -23 -32 3380
-1135 -833 7750 35 46 -45 3415
-1309 -948 7846 -23 5 14 3450
-1544 -775 8086 -17 15 2 3481
-2004 -608 8191 -11 107 20 3512
-2094 -604 8817 24 27 -28 3549
-1685 -966 8447 0 -116 -65 3580
-1550 -535 7665 -18 -142 -36 3615
-936 -831 8015 49 38 -78 3653
-758 -883 7865 12 124 -48 3684
-972 -856 8025 -71 116 10 3721
-1012 -1107 8091 -50 13 8 3750
-1455 -943 7876 34 32 54 3784
-1546 -928 7877 -4 -36 -11 3817
-1749 -728 8405 35 -32 -20 3849
-1188 -966 8089 10 -28 -38 3886
-1494 -514 8062 5 2 -7 3919
-1300 -698 7736 -6 2 -11 3948
-1053 -1097 7505 -21 -4 -9 3980
-1077 -1049 8118 59 30 1 4017
-1086 -1089 7970 11 -1 16 4051
-1215 -820 8259 -18 -22 2 4081
-1088 -690 7982 -12 -36 -5 4115
-892 -564 7981 22 15 -25 4148
-824 -918 8135 -5 -2 -16 4181
-762 -795 8409 14 24 5 4215
-851 -914 8287 0 24 5 4241
-845 -715 8013 -14 -20 -1 4277
-866 -739 7886 -25 -29 0 4306
-746 -703 7466 -25 -54 11 4338
-743 -468 8052 44 56 -8 4370
-640 -842 8052 -22 73 36 4403
-1019 -715 8485 -21 48 8 4435
-1140 -1067 8265 -26 -22 -7 4467
-1074 -737 7719 3 -45 -21 4503
-1011 -655 8202 39 -11 -29 4535
-627 -668 7709 -2 -6 15 4572
-838 -732 8031 -13 -12 54 4599
-865 -408 7806 -8 -21 24 4636
-830 -447 8078 45 36 -8 4666
-820 -654 7933 -27 -4 5 4698
-910 -337 7632 -47 -67 -4 4728
-846 -772 8188 26 41 -6 4764
-622 -604 7990 14 -2 -10 4797
-423 -577 8395 7 -35 -21 4825
-426 -814 8514 2 19 -17 4857
-646 -391 8011 -36 70 -1 4891
-775 -524 8195 -53 10 4 4921
-720 -830 8213 5 14 6 4952
-857 -783 8077 -9 23 46 4984
-1005 -671 8337 -11 -16 0 5012
-653 -933 8052 3 -27 -22 5046
-794 -829 8111 6 -8 -11 5079
-760 -424 7390 -45 -75 2 5109
-760 -523 7187 -30 -45 14 5141
-993 -518 7719 12 54 53 5175
-882 -899 7921 74 39 70 5206
-927 -918 8498 -24 -18 6 5239
-933 -1107 8361 -4 -73 -36 5274
-904 -779 8202 67 28 -41 5304
-513 -902 8270 -24 51 -54 5341
-182 -1271 8442 -11 40 -23 5369
-337 -1211 8446 37 54 34 5404
-641 -706 8179 20 -64 95 5438
-582 -1104 8045 17 -41 72 5468
-601 -839 7953 9 7 36 5501
-914 -489 7834 -45 4 38 5530
-1050 -375 7692 -55 -2 37 5562
-1053 -481 7777 -8 0 9 5596
-998 -532 8048 11 -23 -13 5623
-715 -1049 8509 24 -7 -27 5660
-812 -333 8260 0 -34 -19 5692
-383 -860 7950 -28 16 -42 5725
-190 -1228 8190 56 31 -39 5757
-219 -1191 8278 39 7 5 5790
-82 -1456 8269 -41 29 47 5821
-462 -1514 8408 -6 29 61 5858
-478 -1494 7912 -33 6 49 5885
-613 -1346 8013 -30 -8 33 5918
-578 -1317 8352 32 -12 2 5950
-246 -1172 8408 -16 38 22 5984
-314 -797 8664 -41 22 21 6016
-117 -1100 8346 -35 8 34 6054
10 -1033 8698 17 9 17 6078
-193 -1121 8770 -12 24 42 6109
154 -1511 8624 -45 31 38 6145
29 -1451 8357 8 22 60 6176
828 -1890 8163 13 15 23 6204
927 -2069 8444 -2 55 41 6235
776 -1757 8297 -93 126 94 6267
334 -1779 8896 -43 84 142 6303
32639 32639 32639 -1408 8411 -19862 6334
322 -1628 8542 -31 -25 63 6384
480 -1660 8268 -36 -2 34 6408
499 -1256 8931 -82 59 51 6445
610 -1559 8992 -23 154 75 6475
661 -1986 9190 -28 89 96 6507
310 -2450 9082 -63 60 143 6542
309 -2561 8994 6 -15 138 6574
276 -2447 9069 8 -19 139 6606
216 -2240 8623 -81 -1 147 6638
334 -2104 8010 -51 45 153 6673
350 -2144 7887 19 8 168 6705
291 -2102 8087 23 -34 175 6736
265 -1875 8767 11 59 159 6771
339 -1765 8225 -75 20 139 6804
-34 -1709 7827 -121 59 156 6835
-307 -2248 8028 -2 35 190 6871
-426 -2151 7997 7 -46 224 6902
-361 -2017 8302 -72 -36 205 6942
-114 -2281 8234 -37 -27 159 6970
-19 -2179 8402 -23 -62 114 7006
204 -2114 8332 -87 27 106 7042
574 -2476 8652 -47 44 120 7074
853 -2674 8564 -39 -40 203 7109
754 -2697 8845 -20 21 199 7141
555 -2857 8959 -19 7 213 7174
572 -2541 8601 -59 -7 199 7209
876 -2572 8277 -59 -16 171 7245
1050 -2433 7880 -79 -1 207 7274
903 -2352 7966 -31 23 229 7310
772 -2602 8378 42 1 231 7342
730 -2557 8826 3 2 239 7373
630 -2450 9001 -44 16 210 7403
784 -2239 8791 -58 5 216 7438
787 -1979 8624 -82 -3 212 7473
911 -2127 8437 -64 -5 221 7502
978 -1923 8294 -66 2 254 7537
880 -2059 8243 -78 10 274 7567
704 -2141 8292 -68 20 258 7601
557 -2275 8543 -14 -8 267 7636
676 -2219 8331 -82 6 251 7668
648 -2088 8144 -102 4 220 7699
820 -2325 8369 -19 16 216 7735
926 -2106 8631 -42 17 241 7766
902 -2025 8794 -45 1 216 7800
962 -1951 8112 -118 -8 263 7831
593 -1870 8340 -75 9 274 7868
634 -2217 8464 -10 -21 268 7898
601 -2117 9337 -28 -6 285 7934
659 -2107 9468 -83 59 251 7966
795 -1961 9557 -65 43 194 8006
786 -1877 9435 -58 40 199 8031
1131 -1600 8894 -114 38 208 8067
1095 -1890 9013 -44 51 257 8106
994 -1834 8616 -75 36 295 8136
862 -1981 8344 -98 40 314 8168
428 -2183 7970 -69 45 320 8204
168 -2188 7572 -80 -11 296 8236
65 -1975 7312 -123 -11 293 8270
-139 -1960 7710 -7 -9 302 8306
-2 -2070 8298 -12 -31 275 8337
230 -1637 8813 -82 -21 226 8373
435 -1965 8577 -127 20 188 8405
145 -1517 8456 -99 67 194 8441
715 -2572 8532 -60 18 226 8473
611 -2282 8589 -20 0 298 8512
507 -2404 8516 -46 -15 303 8536
167 -2438 8690 -35 44 244 8574
26 -2506 9142 11 16 295 8606
145 -2188 8878 -131 16 253 8643
9 -2463 8654 -110 48 258 8671
-99 -2590 8086 -83 22 288 8703
-52 -2700 8181 -47 20 271 8737
-26 -2658 8239 -51 8 263 8773
134 -2541 7932 -109 4 244 8802
255 -2414 7453 -104 22 226 8835
212 -2200 7534 -66 32 253 8872
-31 -2097 7937 -76 51 269 8904
-276 -2336 8434 -62 39 305 8938
-473 -2179 8844 -64 -54 318 8970
-268 -2496 8838 -80 -44 271 9008
-46 -2418 8803 -108 -52 203 9048
318 -2555 8746 -130 -39 225 9075
738 -2582 8653 -111 -19 261 9114
573 -2634 8760 -34 -9 292 9149
483 -2565 8450 -92 -16 301 9180
261 -2618 8185 -44 -5 292 9217
198 -2423 7969 -23 -12 301 9248
367 -2439 8682 -32 3 275 9290
386 -2501 8782 -55 -9 270 9313
766 -2301 8758 -123 -21 252 9349
900 -2508 8553 -128 -28 262 9383
856 -2428 8224 -70 -16 275 9421
973 -2470 8548 -45 2 296 9452
902 -2504 9091 -30 2 297 9487
1026 -2506 8838 -115 -28 302 9517
850 -2501 8080 -156 1 281 9556
765 -2612 7855 -52 17 290 9591
664 -2556 8327 8 6 279 9620
807 -2560 8759 -78 -2 270 9650
756 -2547 8528 -117 0 288 9687
794 -2679 8382 -59 6 297 9717
570 -2718 8382 -61 -9 284 9749
423 -2823 8373 -95 21 287 9784
253 -2849 8477 -35 24 286 9817
135 -2809 8524 -34 3 299 9849
-76 -2796 8354 -92 8 276 9884
-356 -2832 7935 -84 23 278 9914
-476 -2829 7789 -73 29 277 9949
-782 -2945 8251 -19 26 282 9984
-845 -2988 8169 -72 -26 264 10017
-938 -3174 8207 -105 21 245 10055
-881 -3475 8418 -48 4 263 10092
-949 -3767 8715 -59 -1 236 10127
-766 -3832 8686 -94 -8 207 10159
-473 -3783 7846 -134 -28 214 10202
-393 -3780 7578 -79 -1 215 10232
-561 -3763 8042 -7 22 240 10268
-459 -3928 8291 -65 -12 241 10303
-664 -3920 8149 -87 13 222 10340
-727 -3935 7998 -18 17 248 10373
-1034 -4035 8496 2 2 224 10411
-1025 -4040 8432 -70 13 186 10442
-993 -3823 8195 -50 11 181 10481
-1186 -3565 7970 -28 32 186 10519
-1311 -3714 7964 -19 24 188 10550
-1290 -3766 8349 15 46 194 10586
-1201 -3888 8219 -11 -4 184 10624
-1330 -3597 7502 -67 -3 132 10664
-1190 -3319 7027 -30 -14 120 10695
-2014 -2753 7437 148 95 99 10734
-1838 -2933 8600 169 27 76 10770
-1646 -2558 9037 -97 -94 167 10803
-2199 -1707 7802 -223 -49 161 10842
-2460 -2769 8381 17 4 86 10881
-2469 -2643 8440 58 -25 2 10913
-1923 -2022 8466 -123 115 -37 10949
-989 -3265 8391 -194 -19 159 10986
-1399 -3781 7809 -30 39 155 11022
-2119 -3857 8209 108 77 100 11061
-2489 -3502 8031 -14 35 71 11097
-2486 -3060 7349 -56 -58 65 11131
-2439 -2271 7443 125 -2 126 11169
-2607 -2344 7611 98 -17 144 11201
-2936 -2361 8350 19 -32 74 11241
-3097 -1612 7946 -61 -38 15 11277
-3040 -1307 7478 6 -12 -19 11311
-2951 -1610 7299 35 23 -43 11349
-2663 -1397 7140 -3 -16 -58 11382
-2985 -1370 7644 25 -7 -8 11427
-3108 -1616 7941 46 8 39 11451
-2765 -1721 8015 36 -48 -21 11488
-2895 -1741 7388 -90 -66 -51 11524
-3009 -1243 6838 -110 -80 -61 11560
-2799 -1528 7152 101 62 -26 11600
-2553 -2094 7466 96 -20 -17 11637
-2566 -1931 8710 46 85 -65 11674
-2616 -1158 8069 -19 32 -100 11710
-2447 -1805 7646 -3 -9 -126 11746
-2441 -1652 7266 4 -17 -41 11782
-2329 -1185 7665 72 -99 -1 11816
-2153 -1303 7277 -10 -91 60 11853
-2094 -913 7254 -51 -64 82 11889
-1854 -960 7692 26 -20 6 11924
-2096 -1088 7190 -25 -8 -5 11956
-2003 -1241 8457 63 53 -93 11993
-1837 -1748 8477 -23 84 -91 12028
-1921 -1070 8679 6 18 -61 12065
-1891 -1220 8256 15 61 -31 12097
-2055 -1074 8396 -17 42 -8 12134
-2092 -1073 7461 -25 -31 24 12171
-2131 -1004 7075 -57 -10 65 12205
-2197 -1284 7243 15 -12 84 12247
-2264 -1421 7139 -13 -118 57 12277
-2694 -1062 8199 48 42 -14 12317
-2593 -460 7978 -47 6 -98 12351
-2379 -565 7836 -63 5 -164 12383
-2120 -661 8139 34 8 -136 12424
-1836 -741 8217 75 56 -74 12454
-1643 -823 8236 -44 41 -32 12493
-1873 -1117 8099 -29 -36 45 12523
-1822 -945 7457 6 -3 8 12561
-1926 -1039 7633 61 -13 22 12591
-1766 -1066 8507 84 37 -12 12628
-1724 -904 8129 -40 64 -40 12662
-1893 -267 7701 -21 -14 -52 12699
-1784 -637 7247 -11 11 -15 12734
-1826 -439 7041 -9 -29 8 12774
-1866 -362 7624 38 -65 47 12802
-1663 -861 7334 -41 -134 36 12839
-1781 -478 7655 11 -75 1 12873
-1538 -399 7808 26 -51 -79 12907
-1396 -627 7825 -3 93 -75 12941
-1400 -621 8337 -9 66 -139 12978
-1217 -721 8233 45 6 -96 13011
-1503 -430 8056 -2 83 -24 13046
-1496 -324 7614 -57 -9 12 13078
-1495 -974 7914 -14 -39 27 13115
-1575 -722 7444 14 -103 3 13148
-2155 -290 8100 13 -78 -5 13182
-2239 86 8169 -57 -26 -27 13219
-1783 -454 8058 7 1 -77 13252
-1849 102 7796 8 17 -127 13285
-1393 -321 8083 11 86 -128 13320
-1311 -663 8059 10 47 -32 13354
-1335 -771 8336 -13 9 -5 13387
-1675 -778 8626 8 55 21 13419
-1510 -805 7895 -24 -40 26 13453
-1445 -777 7992 7 6 -47 13487
-1348 -736 7769 54 -30 -57 13526
-1132 -395 7769 39 23 -61 13555
-1116 -257 7424 -24 -8 -49 13589
-1276 -323 8096 29 78 -12 13626
-1439 -347 7815 -50 55 20 13659
-1574 -222 7990 -22 -73 -35 13695
-1597 -152 7859 -36 -58 -12 13730
-1479 50 8041 69 -31 -45 13768
-1093 -70 7654 32 -89 -45 13801
-995 5 8179 15 26 -56 13837
-837 -159 7841 -22 115 -51 13864
-1236 -385 7888 -62 16 -19 13902
-1343 -252 8394 35 65 -51 13935
-1275 -424 8106 -22 8 18 13970
-1446 -307 8150 -58 -26 -5 14002
-1809 -393 8024 -49 -81 -7 14038
-1273 -189 7907 42 83 -54 14074
-1601 -482 8319 58 -27 -52 14107
-1159 -273 7968 -59 1 -55 14143
-1460 -60 7454 -100 10 -55 14177
-1494 -238 7806 46 -25 -28 14213
-1227 -307 7800 30 -12 39 14249
-1238 -441 8902 34 22 -33 14282
-1407 -180 8052 -112 3 -11 14316
-1622 -13 8298 17 17 -72 14353
-1103 -361 7519 10 -48 -61 14393
-932 -725 7927 5 15 -30 14420
-846 -834 7801 38 14 -5 14453
-994 -613 7526 -19 -17 19 14484
-1128 -671 7539 -18 -63 -36 14520
-1331 -486 7677 47 -22 14 14560
-1129 -202 7890 8 23 -13 14590
-1095 -75 8356 -9 -8 -61 14623
-1022 187 8242 -12 38 -22 14657
-808 -174 8519 40 67 -15 14690
-652 -437 8366 -7 24 -38 14727
-715 -639 7902 -98 -64 -27 14757
-485 -828 7968 52 -3 -38 14793
-441 -680 7748 10 12 19 14827
-530 -588 8149 -33 29 28 14858
-590 -525 8516 34 85 5 14891
-817 -243 8590 -22 105 5 14928
-1294 -187 8432 -55 45 -30 14956
-1068 -583 8132 -42 -41 -30 14991
-1077 -693 7767 10 -6 -3 15029
-936 -491 7801 30 -104 -31 15061
-704 -383 7622 -21 -32 32 15098
-780 -113 7523 -36 -56 35 15131
-558 -355 8226 38 9 -14 15166
-468 -32 8037 -7 21 -16 15197
-612 -128 8623 -23 31 -19 15230
-402 -432 8855 34 26 -34 15266
-45 -650 8796 13 9 -24 15296
139 -1049 8766 12 53 -14 15328
371 -1266 8354 -5 26 -1 15364
290 -1362 8136 -1 -38 18 15394
32 -1118 7607 13 31 36 15427
-18 -1105 8022 68 -33 93 15456
-164 -609 8180 5 -25 82 15494
-456 -299 8353 -61 36 58 15524
-589 68 8205 -77 -12 38 15557
-305 -515 8390 39 -57 -33 15595
-495 30 8302 2 -37 17 15624
-30 -419 8544 5 46 4 15654
90 -602 8463 -21 81 17 15683
-1 -942 8536 -17 35 26 15713
-219 -1215 8015 -28 -43 49 15746
-371 -1572 7970 20 27 64 15782
-636 -1595 8070 7 -25 105 15814
-572 -1581 7714 -50 -35 45 15848
-868 -1412 7792 -18 -14 45 15885
-1053 -1058 7885 3 -10 38 15920
-937 -957 8262 -2 -16 2 15953
-892 -837 7968 -32 -3 16 15991
-863 -878 7880 -29 21 33 16019
-572 -1195 7734 -17 -40 22 16052
-210 -1576 7642 6 -25 30 16089
-183 -1691 7689 -20 -7 48 16121
-386 -1585 8105 1 35 44 16156
-475 -1632 8219 -26 13 65 16188
-493 -1589 8799 6 1 36 16221
-405 -1675 9164 13 -17 11 16256
-336 -1429 9094 -55 10 -4 16290
44 -1691 8974 -52 28 -2 16321
275 -1813 8555 -16 65 16 16353
252 -2147 8297 -36 10 96 16388
158 -2373 7859 -20 -1 128 16421
194 -2274 7924 -14 -52 98 16455
39 -2195 7555 -49 -41 99 16490
-102 -1834 7795 -21 27 101 16528
-181 -1711 8341 3 28 91 16558
-174 -1489 8459 -63 12 81 16590
-140 -1628 8641 -70 -32 43 16624
1 -1680 9197 30 66 24 16667
154 -1763 9208 -33 57 22 16689
524 -2225 8960 -110 69 14 16723
1051 -2824 9006 18 0 114 16759
700 -2936 8856 4 6 138 16790
561 -2702 8971 -11 25 109 16821
276 -2489 8287 -13 13 136 16858
154 -2333 7778 -30 -25 187 16890
255 -2033 7756 -8 31 183 16928
237 -1971 7865 14 19 146 16958
71 -2038 8111 -27 51 124 16992
197 -2016 7981 -87 22 67 17030
125 -2034 8044 -27 3 71 17059
186 -2080 8715 16 27 87 17091
445 -2148 9234 -28 -26 123 17125
506 -2107 9130 -107 2 121 17158
593 -2296 8723 -31 -6 125 17195
679 -2333 8830 -4 32 148 17227
613 -2308 8523 -67 -3 140 17260
579 -2307 8577 -33 42 148 17296
439 -2490 8566 60 14 148 17330
594 -2334 8192 -152 -4 145 17364
380 -2354 7971 -85 23 130 17398
591 -2394 8003 40 17 154 17434
663 -2254 8579 46 -13 137 17466
735 -2187 8246 -156 16 148 17501
607 -2183 7988 -44 31 150 17535
680 -2419 8527 78 24 182 17575
442 -2263 9022 -44 41 184 17603
421 -2470 8820 -53 5 174 17643
534 -2383 8421 -55 -13 154 17671
529 -2422 8340 -49 13 170 17706
443 -2382 8380 -15 8 169 17742
315 -2304 8520 -32 1 183 17772
364 -2376 8556 -51 0 178 17806
343 -2450 8360 -48 23 191 17842
370 -2388 8281 -32 -8 160 17874
478 -2377 7890 -95 -27 145 17910
575 -2442 8289 -44 21 176 17943
577 -2565 8678 11 -16 207 17980
645 -2604 8417 -140 -18 207 18012
630 -2908 8184 -26 1 194 18050
846 -2816 8527 54 -1 189 18082
836 -2607 9413 -2 14 171 18125
909 -2470 9076 -83 8 179 18149
1062 -2450 8620 -93 21 178 18182
799 -2441 8214 11 28 220 18219
481 -2331 8331 -9 43 249 18251
291 -2362 8310 -38 25 235 18283
371 -2231 7661 -107 -17 220 18320
399 -2278 7465 -86 -15 212 18354
381 -2438 7795 -25 -9 195 18392
331 -2358 8480 -17 -12 181 18424
510 -2401 9070 -48 -17 172 18461
743 -2274 8966 -118 -3 188 18496
862 -2635 8942 -24 -10 195 18531
1163 -2651 8997 -55 -6 220 18567
1276 -2819 8944 -78 7 208 18601
1070 -2601 8518 -43 3 208 18641
1063 -2574 8385 1 6 225 18670
1152 -2493 8319 -27 21 229 18701
752 -2297 8303 -43 51 235 18738
471 -2249 8305 14 12 241 18777
571 -2097 8510 -75 23 272 18805
469 -2130 8497 -69 -2 232 18838
392 -2233 8602 -62 13 211 18875
624 -2350 8510 -81 6 185 18908
812 -2264 8432 -117 5 188 18941
815 -2509 8348 -77 16 226 18977
693 -2431 8208 -43 22 233 19009
574 -2450 8601 -21 17 238 19046
522 -2533 8694 -42 13 255 19078
502 -2356 8505 -61 0 237 19114
599 -2451 8392 -36 11 223 19146
622 -2358 8359 -67 2 223 19187
702 -2358 8286 -55 1 210 19213
616 -2221 8094 -44 -1 234 19247
272 -2221 8336 -19 9 261 19283
320 -2211 8591 26 -6 239 19315
353 -2152 9158 -9 -20 248 19347
384 -1922 8916 -104 -4 215 19384
271 -1968 8471 -110 33 218 19417
168 -2273 8300 -73 2 272 19455
-50 -2641 8324 -70 -42 317 19486
-105 -3283 8196 -78 -32 342 19524
-232 -3652 8336 -67 -3 313 19557
-504 -3942 8558 -49 -1 251 19595
-93 -3727 8509 -103 -28 190 19630
277 -3729 8236 -136 -13 220 19665
446 -3762 7658 -98 1 259 19714
604 -3825 7759 -67 2 270 19735
339 -3847 8161 -26 -2 303 19769
358 -3943 8137 -68 6 295 19802
367 -3979 7804 -93 -10 271 19836
351 -3967 7832 -66 32 265 19872
359 -3920 8400 -10 17 264 19904
400 -4038 9026 -80 11 277 19941
377 -4110 8924 -93 -12 265 19974
419 -4098 8973 -50 8 274 20014
309 -4189 9176 -41 -3 292 20043
390 -4048 8458 -127 -28 297 20079
383 -4107 8335 -98 14 295 20113
576 -4253 8446 -11 -23 304 20149
819 -4276 8430 -123 -23 281 20183
916 -4326 8224 -106 2 288 20221
774 -4254 7784 -82 -11 272 20252
758 -4242 7688 -73 -4 292 20291
723 -4136 8038 -15 -12 288 20323
757 -4191 8576 -46 11 302 20360
870 -4368 8785 -79 -15 299 20393
893 -4391 8330 -107 -15 273 20430
734 -4303 7875 -101 2 284 20467
571 -4259 7997 -43 9 290 20498
392 -4130 8607 28 -3 291 20532
513 -4100 8928 -97 -8 281 20567
410 -4079 8583 -142 2 252 20600
364 -4115 8333 -62 12 274 20636
308 -4171 8739 -15 -5 257 20669
413 -4274 8919 -89 -10 264 20704
380 -4316 8484 -125 -8 256 20738
537 -4345 8023 -73 -16 250 20779
384 -4186 8139 -61 2 237 20810
506 -4179 8337 -25 -8 230 20843
648 -4096 8522 -52 -10 235 20876
857 -4133 8535 -61 2 231 20916
824 -4071 8369 -63 -15 246 20946
711 -4028 8349 -81 -15 229 20981
746 -4206 8851 -16 42 260 21018
711 -4204 9030 6 -2 251 21050
494 -3970 8749 -58 2 200 21085
592 -3747 8453 -34 43 195 21116
361 -3425 8529 48 29 197 21152
30 -3233 8488 -26 40 217 21183
-360 -3017 8228 -33 32 187 21217
-494 -2918 8154 25 51 163 21254
-774 -2885 8230 9 -6 215 21292
-830 -2956 8252 -49 -90 236 21319
-1243 -2562 8095 -30 -35 186 21358
-1269 -2308 7873 -39 -23 138 21394
-1234 -2200 7768 -31 -12 87 21432
-1169 -2233 8080 6 32 83 21468
-1252 -2340 8224 -3 54 84 21502
-1148 -2585 8333 -42 29 63 21535
-1224 -2574 8043 -36 13 83 21572
-1245 -2632 7977 17 -33 102 21606
-1186 -2518 8186 13 -44 113 21643
-1227 -2178 7996 -58 -38 114 21680
-1355 -2109 7714 -55 -17 117 21716
-1426 -2209 7811 -8 -19 107 21755
-1513 -2239 7925 -19 -3 68 21792
-1281 -2330 7873 -58 31 36 21835
-989 -2675 7938 -34 45 34 21860
-712 -2888 8149 8 -18 64 21895
-774 -3062 8353 -63 -26 92 21930
-950 -2971 8262 -24 36 87 21969
-1138 -3086 8186 58 -4 100 21998
-1259 -2859 8236 -14 6 85 22033
-1452 -2690 8147 -17 -69 117 22069
-1351 -2519 8105 49 -12 114 22106
-1267 -2290 8210 -16 -28 78 22141
-1273 -1934 8307 -5 23 25 22180
-1357 -1867 8225 10 41 26 22212
-1538 -1795 8243 -16 47 46 22248
-1638 -1674 8074 -31 56 79 22281
-1642 -1841 7641 -29 -47 70 22319
-2062 -1597 7682 -8 -12 93 22358
-2295 -1701 7902 27 -44 102 22389
-1955 -1684 7269 -86 -39 43 22428
-2105 -1497 7529 -41 -4 5 22461
-2105 -1589 7522 29 2 -19 22497
-2112 -1922 8254 61 66 -8 22530
-1850 -1185 8126 -66 1 -52 22567
-1917 -1741 8100 -54 62 -33 22600
-1811 -2135 7406 -34 28 -19 22638
-2010 -2379 7686 35 -20 22 22674
-1845 -2368 7812 20 -27 40 22708
-1875 -2248 8066 5 8 37 22745
-1764 -2248 8132 14 18 -7 22776
-1971 -2103 8386 32 49 8 22810
-2037 -2173 8090 10 -9 -15 22845
-1915 -1983 8127 -3 -3 8 22878
-2076 -1896 7449 -26 -19 38 22917
-2016 -1872 7635 9 7 48 22948
-2138 -1921 7491 28 -30 71 22983
-2071 -1826 7790 29 17 34 23015
-2096 -1783 7677 -1 9 3 23052
-2021 -1876 7899 27 29 -22 23085
-2232 -1842 8387 76 -45 -21 23119
-2154 -1522 8324 -2 24 -17 23156
-2182 -1179 7552 -116 -39 19 23191
-2099 -1283 7378 -33 20 37 23226
-2253 -1577 8514 198 -44 59 23264
-2199 -1507 8187 -37 23 28 23300
-2194 -1399 8463 -106 32 -31 23334
-2063 -1402 7302 -75 96 -36 23373
-2432 -1622 7962 80 60 -29 23411
-2390 -1812 8225 68 -80 -1 23446
-2035 -1568 8100 -40 -27 -4 23480
-1977 -1147 7618 -72 -2 7 23515
-2074 -866 7848 17 28 -24 23551
-2015 -1251 8129 135 -6 -17 23584
-1892 -712 8305 -1 21 -50 23622
-2000 -758 8105 -53 -48 -49 23654
-1549 -663 7411 -21 -9 -12 23692
-1865 -694 7140 1 16 21 23728
-1690 -695 7338 11 -51 5 23759
-1553 -1138 7755 40 -39 -7 23792
-1659 -643 7934 49 -33 -25 23828
-2187 -660 8194 3 45 -25 23862
-2083 -378 7668 -9 -27 -67 23900
-1889 -607 7413 6 -74 -68 23932
-1580 -620 7829 55 -19 -55 23977
-1641 -475 8066 64 27 6 23999
-1463 -464 7988 -9 -18 8 24032
-1716 -420 7867 -47 10 12 24069
-1593 -556 8060 31 24 -15 24100
-1633 -611 8156 52 1 -51 24137
-1423 -746 8312 5 -42 -72 24168
-1423 -300 7577 -38 -65 -41 24205
-1376 -327 7109 -31 20 7 24239
-1510 -489 7490 -28 49 24 24272
-1437 -949 8304 42 45 17 24308
-1767 -589 8460 -1 -32 -3 24340
-1656 -615 8039 -36 -78 -53 24375
-1357 -475 7840 11 -38 -84 24410
-1221 -554 8112 41 53 -52 24447
-1413 -438 8657 24 13 -34 24486
-1136 -588 8348 -62 -66 -4 24515
-1420 -304 7246 -28 -46 8 24549
-1249 -314 7494 46 12 -9 24586
-1280 -784 7776 70 6 -10 24617
-1359 -475 8201 12 37 -11 24651
-1705 -117 8124 -95 -41 -30 24687
-1366 132 7330 -31 -51 -81 24723
-1159 -155 7534 68 -15 -91 24756
-872 -164 8304 79 108 -63 24794
-763 -123 8978 6 42 -45 24826
-898 151 9045 -60 7 -21 24859
-1144 -73 8235 -22 17 -39 24892
-1051 -358 8423 41 62 -35 24925
-902 -110 8200 7 -16 -29 24961
-725 -117 8256 -8 1 -2 24993
-811 -28 7552 -51 -28 16 25028
-941 -49 7811 -1 66 0 25057
-1066 -490 8166 34 53 2 25087
-1180 -230 8311 14 18 -3 25122
-1407 -131 8199 -59 -10 -18 25152
-1286 52 7992 24 -43 -46 25191
-1214 8 7788 62 -17 -28 25225
-891 -314 7880 37 3 -23 25256
-662 -506 7318 -59 -36 5 25287
-743 -762 7578 57 15 17 25322
-650 -638 7672 74 -67 13 25352
-789 -393 8783 30 37 0 25388
-859 -158 8824 -31 48 -16 25416
-814 137 8670 -63 -32 -45 25452
-1120 177 8125 -81 -9 1 25485
-570 -300 7521 -10 -32 5 25520
-146 -685 7664 41 8 22 25555
-261 -1007 8297 75 99 47 25583
-545 -779 8036 -78 -10 32 25618
-650 -671 7818 -43 51 -1 25650
-864 -565 7435 7 14 -6 25683
-911 -365 7688 26 11 11 25715
-896 -374 8518 43 -23 11 25753
-1098 -6 8375 -15 -44 33 25780
-920 -49 8305 -25 -43 4 25813
-888 -53 7745 7 -97 -21 25848
-544 -40 7582 16 -68 -13 25878
-361 25 7773 37 33 -39 25911
-60 -217 8469 58 71 -15 25942
-333 209 8559 -67 17 30 25977
-367 -77 8337 -29 70 -34 26012
-330 -128 7966 -21 21 -34 26040
-316 -439 7694 -27 30 -23 26076
-250 -619 7876 2 45 -6 26112
-320 -421 8417 46 11 30 26141
-629 -26 8139 -81 -29 38 26172
-931 -62 8007 -55 -33 13 26207
-723 -194 7658 9 2 -24 26239
-670 -238 7887 34 26 -28 26271
-393 -351 8777 61 25 -36 26304
-479 -305 8817 -8 11 -12 26336
-483 -503 8356 -69 -21 -13 26370
-225 -687 7725 0 -32 -25 26407
12 -802 7674 51 -21 -8 26439
-149 -711 7789 54 -42 34 26469
-259 -624 7881 6 -34 46 26504
-312 -500 8067 25 21 31 26536
-416 -339 8176 -2 -10 10 26568
-494 -406 7975 -7 -20 -28 26602
-275 -402 7918 9 14 -16 26639
-167 -481 8052 21 -10 7 26667
22 -520 8027 -17 -44 20 26699
39 -536 8266 29 48 17 26734
-77 -400 8627 2 50 32 26762
-226 -468 8694 -21 -1 35 26792
-242 -395 7941 -63 -37 15 26825
27 -663 7930 21 -7 2 26862
-81 -706 8244 72 39 -4 26887
4 -613 8199 -20 -19 29 26922
161 -906 8107 -59 51 3 26952
20 -976 8250 -15 11 23 26982
89 -1011 8275 6 6 8 27014
175 -1080 8576 0 5 13 27042
219 -872 8269 -50 19 29 27071
220 -1019 8170 -44 39 48 27104
306 -1242 7922 7 1 53 27140
412 -1426 8215 13 19 37 27171
354 -1515 8551 -19 21 47 27199
370 -1365 8867 -13 32 40 27236
475 -1175 9082 -32 3 42 27269
519 -988 8745 -77 -3 54 27299
614 -1064 8705 -31 13 56 27331
627 -1139 8919 21 19 102 27364
700 -1393 8823 -24 105 114 27400
774 -1830 8472 -26 89 108 27433
673 -2102 8817 29 55 98 27469
372 -1846 8101 -121 16 103 27499
-17 -1719 8422 11 -5 177 27540
-52 -1508 8400 4 -53 191 27568
-169 -1382 8339 -98 41 200 27601
-44 -1502 7885 -102 3 148 27639
259 -1560 8158 -39 14 93 27671
240 -1672 8766 16 80 89 27709
444 -1858 8989 -84 95 87 27736
269 -2128 8799 -107 119 106 27770
184 -2302 8747 21 -6 116 27808
209 -2321 8829 1 -26 115 27839
112 -2137 8487 -86 -18 151 27872
301 -2151 7876 -81 -13 171 27910
466 -2211 7517 -26 12 189 27945
445 -2383 8085 16 -5 166 27982
196 -2438 8635 33 46 173 28010
214 -2426 8768 -64 54 141 28046
230 -2411 8815 -79 40 113 28078
31 -2344 8476 -21 0 134 28115
575 -2523 8594 -36 0 150 28146
696 -2629 8664 -15 -16 188 28178
784 -2649 8233 -87 -4 203 28218
491 -2720 8063 -36 14 200 28248
349 -2608 8178 23 17 209 28284
256 -2554 8445 2 -31 224 28317
380 -2356 8599 -16 -32 203 28348
429 -2083 8506 -58 -23 186 28385
452 -2017 8166 -84 -45 173 28419
1049 -2330 8166 -46 -77 214 28457
954 -2690 8523 9 14 230 28493
1004 -2788 8772 -3 -5 209 28523
1154 -2714 9051 -26 9 198 28557
1250 -2510 8704 -31 8 179 28594
1248 -2242 8364 -65 2 190 28627
1167 -2308 8361 -17 31 231 28663
1084 -2112 8434 -19 24 266 28697
852 -2236 8358 -77 9 271 28733
774 -2333 8011 -60 9 246 28770
832 -2350 8093 -52 11 234 28797
919 -2453 8126 -77 -18 236 28835
1222 -2615 8102 -94 28 238 28870
1285 -2691 8478 -27 8 242 28903
1479 -2401 8743 -53 -11 194 28939
1377 -2302 8629 -97 4 212 28974
1140 -2107 8489 -57 50 286 29010
1046 -2334 8794 41 47 293 29044
981 -2393 9152 -86 47 278 29079
1052 -2510 9452 -53 11 236 29112
1406 -2417 9297 -56 16 220 29149
1546 -2392 9019 -145 29 252 29183
1490 -2473 8814 8 24 227 29221
1441 -2457 8802 -54 47 307 29254
972 -2603 8720 -95 59 325 29294
621 -2871 8571 -19 31 355 29322
449 -2927 8256 -90 40 349 29361
102 -3019 8146 -96 21 289 29392
568 -3031 8014 -78 15 258 29431
612 -2893 8187 -64 5 221 29459
969 -2865 8296 -125 -32 238 29493
1189 -2779 7985 -130 -3 276 29531
1242 -2856 7713 -51 -15 291 29568
1173 -2954 8116 -35 -20 319 29602
1235 -2829 8433 -37 0 288 29640
1183 -2996 9404 21 12 308 29675
1279 -2769 9550 -62 16 294 29707
1455 -2906 9481 -72 16 264 29742
1700 -2888 9328 -16 34 277 29779
1636 -2866 9076 -52 49 296 29819
1473 -2706 8443 -82 25 301 29849
994 -2542 7804 -44 44 319 29885
653 -2452 7493 -18 39 330 29919
512 -2368 7626 -67 -36 355 29954
478 -2348 8113 -18 -14 365 29988
561 -2064 8254 -93 -4 319 30025
704 -2127 8448 -129 0 231 30058
1099 -2242 8875 -99 20 229 30098
1581 -2476 9134 -90 -25 264 30127
1479 -2661 9034 -82 -22 296 30166
1354 -2675 8886 -33 2 298 30203
1384 -2673 8780 -31 -31 298 30235
1364 -2532 8235 -78 -28 285 30272
1297 -2420 8017 -60 1 294 30307
1405 -2479 8572 2 -11 301 30347
1476 -2491 8805 -70 -7 293 30376
1531 -2438 8448 -95 -16 271 30413
1599 -2434 8310 -46 3 285 30448
1650 -2464 8570 -67 2 306 30484
1476 -2598 8696 -57 11 285 30516
1446 -2716 9025 -41 6 317 30553
1318 -2852 8888 -70 -17 315 30586
1170 -2926 8132 -104 -7 313 30625
1251 -2902 7902 -58 -4 286 30661
1396 -2871 8345 -56 8 293 30694
1331 -2932 8663 -60 -2 304 30730
1446 -3055 8815 -44 -11 300 30764
1445 -3018 8618 -83 -60 309 30802
1476 -3084 8074 -76 -39 304 30837
1409 -3096 8551 -54 49 351 30881
1394 -3396 8845 -83 -7 382 30908
1108 -3514 8529 -87 -23 347 30943
1064 -3738 8741 -22 53 306 30981
1017 -3639 8946 -58 27 290 31016
778 -3402 8551 -59 26 259 31052
808 -3089 8338 -44 68 294 31084
206 -2933 8678 -26 72 312 31120
-173 -2909 8783 -19 39 303 31154
-283 -2920 8744 -12 5 296 31191
-221 -2749 8355 -89 26 263 31224
-404 -2539 8048 -61 28 199 31261
-410 -2508 8008 -40 64 185 31296
-435 -2614 7860 -76 72 208 31329
-698 -2871 7762 -80 9 250 31367
-792 -3044 7515 -47 -26 246 31402
-858 -3152 7776 -42 -13 202 31442
-689 -3173 8164 3 -29 173 31472
-306 -3082 8446 -71 -8 155 31508
-190 -3127 8398 -92 5 161 31546
-116 -3156 8158 -45 0 173 31577
-401 -3309 8309 -16 19 181 31610
-508 -3233 8479 22 -2 165 31648
-614 -3110 8755 19 15 175 31679
-883 -3024 8781 9 -3 180 31717
-766 -2999 8546 -6 -5 167 31747
-772 -2874 8354 -12 10 130 31784
-929 -2661 7954 -31 20 128 31817
-843 -2478 8323 69 -6 109 31856
-781 -2216 8253 45 26 117 31887
-819 -1791 7713 -73 13 102 31923
-1297 -1486 7574 -65 -87 122 31963
-1778 -1287 8061 31 -112 138 31995
-2008 -909 8509 22 -31 151 32034
-1763 -1006 8354 -104 34 108 32067
-2061 -1397 8442 -99 35 39 32106
-1889 -1798 8026 -34 96 -1 32139
-903 -2503 7947 0 179 -79 32176
-762 -3041 8350 -73 168 -87 32216
-416 -3464 8403 -19 35 29 32246
-443 -3048 7541 -3 24 -9 32282
-1770 -2832 7622 67 -115 93 32313
-2535 -2496 7767 168 -162 163 32351
-2418 -1591 7677 -19 -67 191 32391
-2739 -1471 8726 37 -92 107 32426
-2732 -719 8498 17 -88 16 32464
-2612 -126 8417 -33 29 -104 32502
-2803 839 8082 -67 43 33 32533
-1690 241 7238 -87 110 89 32566
-498 -796 7647 117 60 -6 32602
-513 -1485 7885 70 37 -77 32634
-1537 -2096 8586 15 21 -71 32671
-2200 -1953 7310 -151 -46 -126 32703
-3067 -1696 6924 -99 -40 -73 32744
-2631 -1311 6797 118 -80 -17 32781
-2254 -1374 7688 171 -27 -14 32820
-1962 -1242 8503 41 57 -51 32855
-2312 -1651 8974 -4 67 -104 32892
-2565 -1222 7703 -38 110 -58 32929
-2108 -1608 7499 -14 56 -94 32965
-1870 -1847 7239 48 -82 -38 33008
-2453 -1664 7663 76 -145 39 33037
-2493 -1307 7735 45 -164 70 33074
-2631 -1030 7755 -23 -47 23 33111
-2455 -998 7135 -28 35 -31 33148
-2387 -1148 7149 -17 94 -69 33182
-2174 -1238 8290 80 82 -80 33221
-2159 -1265 8573 81 51 -57 33253
-2129 -1403 8208 -96 21 -23 33290
-2188 -1763 8391 14 56 -20 33327
-2325 -1669 7755 23 -7 12 33367
-2189 -1803 8108 5 -9 -14 33395
-2254 -1589 7682 -19 -57 17 33429
-2307 -1481 7401 12 7 16 33467
-2482 -1344 6984 -31 25 -7 33499
-2591 -1201 7509 1 9 -36 33539
-2827 -1118 8072 76 36 -21 33568
-2924 -725 8057 -7 58 -44 33605
-2851 -593 8123 -71 0 -82 33638
-2898 -580 8116 -1 23 -9 33671
-2094 -909 7806 13 23 -6 33707
-1627 -1310 8105 34 33 -21 33743
-1698 -1375 7767 -42 4 4 33775
-2077 -1415 7764 -29 37 23 33806
-2213 -1523 7752 42 -31 -20 33844
-2371 -1415 8256 89 20 -33 33878
-2613 -1061 8207 0 12 -38 33916
-2603 -935 7932 -40 -4 -55 33948
-2370 -841 7342 24 -19 -37 33985
-2047 -714 6879 -4 -44 -32 34018
-1896 -852 7277 30 -38 -2 34056
-1776 -593 7437 20 -67 4 34105
-2338 -486 8271 33 3 -6 34132
-2117 -462 8118 6 -59 -55 34156
-2531 -332 7866 -33 46 -25 34188
-2022 -606 8016 20 81 -30 34225
-1562 -780 7771 15 63 9 34258
-1016 -1301 7770 19 53 4 34293
-994 -1578 7567 -50 23 6 34323
-1551 -1706 7827 -6 -60 -21 34363
-2033 -1469 8024 23 -52 -15 34393
-2435 -900 7950 -46 -38 -16 34432
-2335 -809 8077 -19 -43 -24 34466
-1882 -523 8083 2 29 0 34504
-1700 -663 8314 16 90 5 34533
-1384 -983 8632 3 52 -21 34566
-1219 -1346 7749 -95 84 -24 34605
-1323 -1555 7949 -5 53 -5 34636
-1603 -1510 8583 108 -41 38 34672
-1587 -1295 8112 -33 -32 44 34708
-1429 -1177 7694 -95 -2 -15 34742
-1600 -1234 7248 -5 -14 10 34780
-1459 -1591 7171 44 8 16 34814
-1659 -1592 8309 109 -17 20 34851
-1283 -1216 7783 -67 -13 15 34885
-1469 -1235 7901 -45 36 0 34922
-1215 -1251 8214 73 -9 -17 34956
-1407 -1107 8705 94 -4 -8 34991
-910 -1144 8321 -118 25 -11 35027
-902 -1181 7837 -121 74 -5 35061
-1119 -1287 7625 61 10 60 35099
-1224 -1575 8926 148 -36 44 35137
-1316 -1064 8442 -75 -12 26 35167
-1707 -736 7989 -122 33 11 35205
-1657 -644 8147 30 -5 -11 35243
-1691 -409 8292 104 -45 -14 35275
-1374 -280 7542 -101 9 1 35310
-1391 -277 7577 -71 4 -9 35344
-1522 -317 7451 25 -130 14 35376
-1555 -152 7917 149 -53 19 35411
-1810 155 8166 -21 -35 -5 35448
-1618 -50 7671 -155 73 -49 35481
-1710 -156 7189 -77 -28 -102 35518
-1379 -727 7357 119 -2 -79 35555
-1312 -755 7802 90 -13 -28 35589
-1004 -1029 8036 -81 16 8 35626
-1539 -995 8181 1 49 10 35660
-1492 -1146 7907 41 8 -47 35697
-1441 -867 8059 13 -32 -95 35725
-1001 -479 8161 -1 -52 -33 35763
-970 -423 8016 8 1 30 35797
-661 -215 7927 7 -68 25 35827
-680 -102 8338 -1 5 3 35858
-403 -114 8916 70 26 -39 35894
-495 -11 8865 29 28 -14 35923
-459 11 8385 -70 129 -4 35955
-404 -184 7820 -110 135 -7 35986
-252 -683 7810 33 0 20 36023
-384 -779 7684 42 -123 6 36054
-467 -574 7859 -1 -146 26 36087
-893 -30 8547 13 -64 32 36123
-797 392 7806 -70 -21 -8 36153
-681 95 8394 -41 81 -87 36187
-1057 546 8177 34 39 50 36224
91 73 8466 45 93 -9 36251
412 -363 8298 24 86 -51 36279
272 -556 7665 -98 5 -19 36311
-344 -933 7669 -42 76 41 36343
-435 -1052 7795 104 -92 43 36377
-355 -554 8151 41 -44 16 36421
-400 -139 8340 -38 -21 8 36445
-108 100 7944 -66 17 -28 36480
-105 445 8088 -38 17 -48 36512
-103 307 8121 34 5 7 36545
238 100 8537 59 28 1 36574
322 -17 8919 18 32 18 36603
179 -203 8652 -64 70 -6 36634
173 -372 8245 -67 3 -21 36668
172 -571 8433 19 48 -9 36698
-3 -616 8354 44 -28 41 36733
200 -416 8063 -59 0 37 36761
-132 -542 7963 -56 55 40 36792
-208 -516 8222 42 -47 18 36826
-159 -321 8322 19 -30 12 36858
168 -272 8135 -61 -18 -28 36892
110 -231 8245 -13 24 5 36928
391 -403 8102 1 45 7 36957
313 -716 8655 23 27 40 36986
231 -875 8878 3 0 50 37017
326 -902 8867 -17 -20 6 37050
255 -802 8729 -27 11 14 37078
544 -702 8002 -76 31 8 37111
739 -865 8089 -28 -11 12 37141
876 -994 8001 12 24 51 37178
952 -1199 8805 80 9 30 37206
838 -1143 8682 -4 -29 85 37238
805 -1241 8381 -100 156 41 37278
522 -1228 8424 31 -5 47 37306
533 -1115 8269 -12 -45 90 37338
602 -1340 8562 3 -16 70 37375
815 -1350 8323 -27 -42 70 37406
835 -1215 8861 -32 4 70 37439
811 -1089 8387 -11 -28 64 37473
1053 -1144 7865 -88 58 80 37506
907 -1265 8362 73 -35 66 37543
968 -1297 8992 96 -64 110 37574
1090 -1111 9053 -73 43 110 37607
847 -1251 9014 -12 11 83 37645
1101 -1051 8654 -54 5 85 37677
1059 -1241 8727 -34 35 77 37712
900 -1291 8591 9 24 109 37744
1080 -1250 8715 -48 10 110 37776
882 -1378 8212 -84 13 108 37818
905 -1401 8124 -51 14 114 37846
771 -1481 8428 -10 37 112 37882
819 -1471 8007 -105 48 124 37918
615 -1881 8048 -57 67 125 37952
377 -2140 8310 42 -27 156 37984
288 -2535 9176 22 -21 166 38020
224 -2762 9017 -68 42 139 38053
94 -2847 8469 -85 50 110 38090
403 -2911 8575 -2 8 96 38120
392 -2708 8812 -11 22 124 38152
295 -2476 8862 -37 30 151 38186
222 -2473 8643 -19 -61 207 38223
256 -2338 8269 -56 -9 196 38256
334 -2286 8173 -42 6 132 38291
450 -2313 8089 -40 14 129 38323
499 -2233 8217 -46 13 166 38358
459 -2403 8178 -55 7 187 38392
462 -2631 7894 -66 -22 170 38432
574 -2687 8294 -31 4 162 38460
562 -2771 8606 -8 -12 178 38495
932 -2833 8713 -55 -16 166 38530
1044 119 1035 -54 -19 159 38564
1226 -2718 8529 -41 3 163 38601
1401 -2659 8445 -41 2 184 38633
1257 -2501 8503 -35 26 198 38668
1119 -2589 8927 14 17 207 38702
1035 -2681 8928 -62 15 230 38738
846 -2819 8550 -87 7 207 38773
869 -2881 8555 -39 24 221 38806
834 -2943 8756 -35 3 224 38839
926 -2811 8853 -68 1 207 38878
898 -3004 8629 -73 6 220 38909
1041 -2964 8353 -80 2 222 38939
1118 -2961 8099 -71 1 220 38975
1036 -2949 8090 -52 5 231 39008
1063 -2937 8429 -24 9 244 39042
1058 -2985 8916 -9 -2 229 39078
1192 -2967 9029 -63 4 230 39111
1231 -2887 8952 -21 16 204 39147
1401 -2659 8999 -38 18 233 39180
1217 -2614 8555 -91 21 253 39217
1090 -2648 8318 -60 21 262 39251
903 -2573 8639 -10 15 254 39289
871 -2656 8385 -95 0 257 39321
769 -2661 8111 -61 20 231 39356
972 -2676 8004 -51 13 240 39388
805 -2662 8240 -77 15 244 39423
826 -2720 8146 -67 -2 235 39457
801 -2705 8636 -24 13 260 39494
868 -2606 8888 -63 -1 252 39525
973 -2739 9184 -34 6 217 39562
1207 -2678 8913 -78 -5 255 39593
1135 -2656 8899 -71 32 248 39629
1033 -2757 8809 1 27 265 39666
961 -2709 8447 -64 -12 274 39697
853 -2604 7111 -165 25 215 39734
649 -2568 7646 44 26 248 39768
743 -2246 8508 38 -71 325 39803
640 -2165 9225 -59 17 292 39837
545 -2175 9356 -59 45 259 39871
523 -2047 9120 -95 71 242 39904
589 -2540 8859 -83 -26 244 39944
853 -2815 8519 -67 -5 221 39975
766 -2650 8305 -107 -6 265 40010
671 -2546 8393 -36 35 219 40043
788 -2608 8912 -4 25 258 40082
482 -2489 8809 -45 42 237 40112
322 -2513 8592 -41 18 246 40146
290 -2596 8199 -91 -6 310 40182
119 -3045 7907 -119 -11 343 40214
140 -3574 7205 -163 16 358 40253
-654 -4041 7602 -66 -1 391 40288
-694 -4401 7538 -78 18 323 40321
-712 -4753 8178 -17 -4 239 40359
-258 -4562 7961 -97 8 174 40393
-37 -4239 8057 -86 22 187 40428
-137 -3925 8018 -76 -7 234 40464
-309 -3887 8470 -59 -8 314 40498
-69 -4150 8919 -31 -31 311 40538
-204 -4373 9424 -54 3 299 40567
72 -4480 9308 -76 -14 248 40601
334 -4361 9526 -40 22 238 40637
583 -4340 9224 -98 4 273 40669
772 -4470 8909 -126 4 283 40703
779 -4544 8154 -109 -6 304 40739
649 -4278 7779 -69 0 300 40775
565 -4418 8193 0 -16 310 40806
628 -4408 8387 -68 13 285 40844
558 -4362 8212 -88 7 255 40872
698 -4237 7826 -77 35 272 40909
669 -4096 7967 -39 15 263 40942
877 -4044 8371 -38 5 277 40977
1109 -3947 8594 -51 -17 272 41014
959 -3899 8574 -81 -17 267 41046
969 -3800 8676 -15 27 251 41081
1148 -3581 8888 -8 2 250 41117
1000 -3423 9051 -3 24 249 41148
1104 -3189 8155 -132 3 258 41185
928 -3159 7941 -83 24 250 41218
694 -3067 7721 -36 6 278 41254
538 -3210 7909 -29 -2 273 41286
399 -3101 8371 -19 12 243 41322
463 -3091 8551 -48 1 229 41354
305 -3034 8635 -73 23 240 41387
191 -2955 8671 -58 2 219 41424
274 -2881 8519 -105 8 226 41456
149 -2991 8694 -39 -4 227 41491
297 -3083 8844 -49 0 247 41527
223 -3271 8900 -78 9 218 41557
257 -3381 8582 -98 31 216 41592
231 -3351 8715 -3 34 199 41625
75 -3411 8510 -49 -6 223 41657
97 -3365 8369 -71 11 194 41693
131 -3301 8194 -19 -8 193 41724
32 -3119 7710 -112 16 203 41761
-300 -3058 7650 -42 20 186 41792
-137 -3050 7736 -5 24 219 41830
-426 -3036 8375 -13 26 194 41862
-238 -3057 8528 -23 -4 156 41900
-259 -3007 8493 -86 3 153 41933
-418 -2859 8228 -53 -4 160 41970
-356 -2711 8354 -5 10 167 42002
-338 -2653 8999 35 1 164 42039
-411 -2725 8944 -8 26 159 42074
-386 -2581 8863 -52 40 141 42106
-708 -2401 8524 -13 -14 122 42142
-598 -2250 8396 13 7 122 42179
-663 -2394 8602 -7 -17 123 42213
-722 -2070 8390 -27 34 121 42248
-923 -1952 7954 -51 5 123 42281
-1061 -2083 7676 -45 3 111 42317
-1203 -2023 7515 -25 -30 107 42351
-1111 -1808 7868 47 -1 94 42390
-1083 -1895 7691 -44 100 92 42422
-1392 -1853 7876 -57 25 66 42460
-1701 -2183 7923 40 -32 104 42496
-1666 -2162 8555 52 -2 72 42531
-1180 -2084 8098 -74 9 21 42567
-1811 -2247 7859 -94 21 52 42602
-2077 -2226 7824 35 -79 87 42641
-2002 -2141 7870 9 -14 100 42670
-1894 -2313 8321 8 -21 55 42707
-1896 -2054 7921 -53 57 56 42744
-1918 -2057 7649 -78 3 30 42775
-2066 -2130 7730 9 -23 59 42809
-19862 32639 32639 -1703 -2283 7508 42846
-1810 -2346 8192 27 -6 49 42889
-1764 -2211 8247 -5 22 39 42925
-1938 -2187 8393 -5 25 23 42957
-2027 -1895 7456 -102 11 34 42993
-2228 -2017 7549 -38 10 78 43027
-2236 -2013 7101 21 -66 90 43065
-2270 -1955 7527 57 -53 85 43098
-2275 0 0 20 -53 39 43139
-2002 -1686 7910 -50 35 -8 43165
-2072 -1740 8033 -40 59 -43 43197
-2010 -1714 7777 4 45 -30 43234
-1882 -1988 7916 -23 49 3 43267
-1906 -2086 8115 28 -7 54 43304
-2014 -2001 7982 -23 -19 69 43337
-2122 -2094 7968 -39 -27 41 43375
-2007 -2074 7726 -16 5 23 43410
-1949 -2131 7824 15 27 7 43443
-1896 -2007 7620 -20 37 -1 43477
-2067 -2113 7818 -2 26 10 43514
-1859 -2037 8179 60 0 26 43547
-1908 -1970 8341 8 33 7 43581
-2057 -1709 8200 -44 19 6 43612
-2060 -1405 7833 -62 -10 20 43646
-2108 -1253 7351 -6 -28 54 43690
-1996 -1203 7680 4 -25 58 43717
-1995 -1566 7594 2 -36 21 43753
-1999 -1351 7679 -36 -12 11 43786
-2011 -1452 8108 67 6 -22 43824
-1805 -1127 7613 -55 82 -48 43860
-1943 -1458 7774 3 40 -37 43894
-1923 -1538 7597 34 1 28 43930
-1825 -1501 7925 28 -31 18 43961
-1808 -1406 8003 35 -72 12 43999
-1744 -1121 7551 -26 -17 14 44032
-1741 -946 7852 7 -32 -13 44070
-1678 -812 7730 43 -35 16 44103
-1307 -943 8058 25 32 -14 44139
-1481 -924 8334 16 9 -17 44171
-1415 -841 8124 -35 51 -33 44210
-1474 -917 8131 -14 33 -44 44240
-1554 -837 8051 -25 27 6 44278
-1540 -955 8144 -11 19 23 44308
-1464 -1076 8361 28 0 9 44343
-1594 -854 7980 -40 44 -14 44380
-1587 -898 8076 -25 53 -33 44411
-1601 -859 7859 6 1 -28 44448
-1712 -749 7889 0 38 -9 44478
-1711 -895 7917 14 -4 0 44510
-1860 -818 8007 40 -19 2 44545
-2103 -743 8056 14 -27 -1 44576
-2037 -657 7944 -12 -53 -26 44611
-1794 -889 7744 -10 -8 -40 44648
-1651 -550 7614 -8 42 -14 44688
-1218 -834 7726 26 -7 -18 44726
-1299 -1022 8006 61 8 7 44751
-1570 -698 7965 17 42 36 44786
-1463 -873 7855 -49 -24 -17 44816
-1643 -851 7372 -43 -35 -25 44854
-1572 -648 7164 5 -41 -12 44889
-1533 -611 8023 103 -69 -3 44926
-1204 -531 7812 5 -11 -26 44959
-1323 -596 8168 -42 47 -34 44995
-1427 -620 7866 -17 41 -42 45028
-1515 -850 8279 55 -6 -31 45066
-1302 -752 8181 25 -22 -17 45098
-1196 -614 7752 -52 -8 0 45135
-1361 -477 7511 -32 -3 17 45167
-1512 -782 7910 69 -54 6 45203
-1436 -678 7773 -3 5 15 45234
-1402 -666 8063 1 1 -18 45272
-1354 -492 7829 -28 17 -41 45297
-1444 -681 8212 3 66 -27 45337
-1396 -673 8688 91 -6 -18 45367
-1228 -698 8187 -46 60 -20 45403
-1199 -1008 7842 -109 30 -30 45437
-1316 -1075 7617 33 -30 -16 45477
-1253 -981 7766 81 -49 29 45513
-1245 -1070 8333 27 -42 16 45545
-1346 -435 8119 -47 18 15 45582
-1377 -599 8304 27 24 -25 45615
-1412 -592 8059 -4 41 -50 45651
-1327 -847 8319 1 13 -38 45684
-1182 -870 7987 -14 -4 5 45718
-1037 -1010 7889 -35 6 8 45751
-1127 -1124 7878 26 -17 26 45789
-1204 -1336 8427 51 36 45 45819
-1154 -1102 8453 28 10 6 45854
-1250 -949 8012 -55 58 -22 45888
-1277 -923 7809 -27 21 -47 45921
-1206 -886 7671 33 -34 -12 45959
-1058 -1054 8064 79 -48 12 45993
-1057 -751 7708 -55 20 32 46030
-1239 -828 8111 -41 2 10 46062
-1662 -481 8190 24 -20 28 46097
-1514 -407 8549 -4 19 -10 46130
-1426 -625 8019 -59 3 -39 46166
-1289 -444 7624 -109 101 21 46199
-1007 -1058 8285 127 -17 -5 46237
-666 -1236 7894 31 53 -5 46271
-799 -1438 7983 -67 22 -30 46306
-1399 -1180 7841 14 -44 26 46345
-1595 -1070 7991 53 -12 31 46376
-1568 -656 8011 -34 -39 5 46411
-1240 -863 8597 20 -26 -22 46447
-1313 -325 7933 -29 89 24 46480
-1068 -872 8196 1 19 -24 46519
-971 -1026 7211 -53 17 -1 46553
-1216 -1179 7686 13 14 28 46581
-1142 -1320 7868 81 -102 27 46618
-1194 -793 8261 -48 11 19 46654
-1286 -529 8321 -34 -51 -9 46688
-1236 -186 7901 -17 10 15 46724
-1132 -246 8071 9 14 11 46757
-731 -140 7776 -39 38 24 46789
-633 -465 7900 8 21 15 46830
-638 -594 8063 38 -14 0 46859
-1025 -500 7993 4 16 5 46886
-896 -701 7545 -61 -1 -16 46918
-905 -545 7946 42 -37 -14 46953
-992 -890 7915 67 -46 20 46985
-929 -416 8167 -30 48 3 47019
-1164 -790 8128 -12 18 5 47054
-902 -576 7764 -60 40 -33 47084
-1228 -658 8174 67 -69 -15 47120
-788 -724 7802 28 -70 -21 47154
-786 -474 8086 -19 -12 16 47191
-735 -533 8220 37 -30 14 47223
-709 -229 8481 36 31 -8 47255
-629 -306 7755 -79 10 -39 47290
-535 -267 7683 -52 22 -27 47323
-778 -508 8158 82 -59 12 47357
-489 -274 7838 -7 -3 18 47396
-607 -273 8660 -10 0 4 47422
-316 -315 8366 17 -26 -29 47454
-442 -93 7746 -87 96 -23 47490
-572 -453 8087 -8 -2 -20 47521
-556 -434 8087 61 -9 15 47555
-616 -510 8424 6 5 24 47589
-675 -804 8357 -13 -25 25 47615
-422 -662 8078 -42 20 -33 47653
-512 -298 7193 -78 33 -20 47688
-535 -560 7235 -34 1 -13 47720
-767 -441 7818 65 -62 50 47753
-586 -666 8072 47 -48 66 47788
-495 -419 8514 -39 28 3 47820
-531 -890 8503 -35 33 -39 47852
-439 -494 8550 55 78 -36 47888
-198 -744 8141 -14 53 -31 47923
26 -1302 8482 32 -27 0 47956
-117 -1252 8443 82 -20 63 47984
-65 -946 7996 -17 -64 30 48020
-310 -930 8329 7 -60 31 48052
-399 -235 7897 -26 15 50 48087
-458 -57 7910 -71 22 39 48118
-348 -180 7755 -54 -36 22 48150
-169 -122 8068 13 -25 13 48186
-334 -344 8532 25 -14 13 48218
-219 -170 8570 -8 84 29 48251
-62 -502 8100 -68 88 -2 48286
134 -976 7827 -51 17 -36 48315
191 -1241 8153 88 17 -1 48349
302 -1323 8292 48 7 42 48381
245 -1378 8455 -34 4 56 48418
64 -1415 8513 17 -31 50 48448
-52 -1187 7957 -54 -8 44 48477
-62 -1231 8193 -30 16 31 48510
140 -1318 8537 57 -10 38 48546
432 -1119 8982 -32 10 57 48580
450 -1167 9011 -16 4 55 48612
517 -1171 8731 -18 21 60 48643
489 -1089 8850 -37 24 62 48676
423 -1115 8689 -16 8 66 48709
427 -1268 8805 -25 36 106 48743
413 -1429 8566 -12 40 107 48775
707 -1689 8625 7 19 70 48812
715 -1652 8523 -18 45 67 48846
609 -1373 8146 -77 71 95 48874
346 -1414 8452 4 17 128 48907
59 -1252 8396 -58 24 178 48942
-121 -1346 8329 -68 -12 160 48973
-6 -1493 8128 -43 -27 112 49008
-317 -1770 8283 -65 30 107 49045
-259 -2065 8539 3 74 94 49081
-22 -2226 8442 -81 117 80 49111
-9 -2377 8511 -71 97 77 49147
-135 -2463 8747 39 8 120 49180
-314 -2606 9326 42 -4 156 49211
-332 -2492 9171 -47 -5 141 49245
-305 -2110 8020 -139 56 185 49283
134 -2054 7585 -37 -28 174 49319
284 -1995 7391 -31 4 165 49353
74 -1970 7845 -13 15 170 49385
43 -2181 8906 75 -2 143 49421
-228 -2076 9101 -49 76 145 49451
-386 -2228 8746 -92 50 110 49489
-416 -2108 8197 -66 52 156 49529
152 -2519 8133 -79 -7 172 49557
331 -2859 7952 -25 -22 216 49591
166 -2903 8146 -48 4 204 49629
-109 -2814 7895 -50 14 188 49661
-76 -2761 7780 3 -93 167 49698
-132 -2490 8168 23 -15 181 49729
-189 -1933 8457 -41 -6 180 49766
29 -1880 8768 -36 -16 161 49800
50 -1915 8787 -73 29 199 49836
160 -2217 8542 -61 -12 193 49868
420 -2599 8506 -15 -15 202 49903
346 -2622 8723 -8 9 209 49940
536 -2441 8534 -45 12 177 49970
587 -2197 8336 -45 -10 191 50007
531 -1979 8317 -44 6 219 50046
356 -2067 8322 -52 15 243 50075
226 -2079 8443 -16 5 244 50107
260 -2242 8604 -32 22 230 50141
386 -2130 8053 -147 46 191 50177
346 -2081 7642 -131 28 184 50212
343 -2321 7943 9 18 227 50248
179 -2370 8759 -5 15 240 50283
286 -2512 8939 -45 5 213 50310
506 -2441 8690 -96 19 194 50347
506 -2432 8633 -26 31 224 50379
571 -2376 8654 17 33 230 50416
634 -2315 8324 -73 27 216 50446
413 -2136 8366 -13 -62 240 50483
462 -1796 8522 11 -7 273 50516
474 -1696 8857 -47 29 265 50550
296 -1583 9003 -50 74 231 50592
309 -1577 9081 -89 96 217 50616
101 -1776 8886 -68 56 220 50654
163 -1707 8420 -113 61 224 50687
-34 -1989 7620 -128 13 237 50728
-136 -2179 7177 -88 -18 237 50758
-466 -2610 7558 -46 -16 274 50795
-454 -2996 7893 -55 -7 253 50832
-232 -2923 7810 -147 5 214 50866
143 -2867 8043 -68 4 177 50903
510 -2755 9055 1 18 209 50941
586 -2756 9448 -18 21 219 50965
790 -2652 9368 -111 38 233 51003
788 -2590 8971 -87 23 255 51036
724 -2573 8509 -71 12 270 51072
370 -2521 8606 -25 20 292 51111
290 -2495 8656 -18 7 313 51141
350 -2526 8880 -45 10 305 51172
261 -2414 8993 -41 41 270 51209
189 -2294 8682 -73 42 254 51241
352 -2089 7817 -154 41 272 51278
451 -2126 7844 -43 -6 270 51311
346 -2126 7942 14 -4 303 51345
247 -2167 8041 -98 41 280 51380
165 -2299 8179 -81 24 233 51414
212 -2236 8165 -38 72 234 51449
23 -2260 8554 -18 92 253 51482
-79 -2238 8746 -59 19 266 51516
-45 -2060 8881 -93 -23 281 51550
0 -2056 8644 -63 -56 272 51586
142 -1983 8480 -88 -11 266 51618
122 -2136 8179 -104 -16 248 51659
272 -2026 7944 -64 0 251 51689
190 -2177 8135 -38 32 267 51723
166 -2025 8244 -42 -10 257 51759
83 -2076 8461 -46 -31 261 51793
232 -1950 8591 -87 -36 264 51829
354 -2047 8795 -77 -46 238 51862
522 -2003 8620 -109 30 252 51899
897 -2540 8231 -107 1 258 51935
890 -2783 8100 -50 0 283 51967
839 -2902 8538 -13 31 268 52001
611 -2833 8523 -62 11 251 52037
560 -2701 8297 -83 19 244 52069
508 -2491 8350 -26 9 260 52105
499 -2358 8573 -64 19 283 52137
407 5878 11553 -70 6 279 52180
461 -2364 8476 -114 6 284 52207
394 -2545 8299 -91 8 277 52238
543 -2754 8217 -59 13 281 52274
503 -3012 8357 -40 14 275 52306
460 -2933 8463 -65 8 259 52343
483 -2839 8499 -54 5 251 52373
456 -2728 8403 -50 9 262 52407
273 -2529 8512 -52 5 272 52442
382 -2381 8417 -82 10 272 52475
203 -2424 8446 -72 19 281 52508
-49 -2405 8484 -37 10 286 52544
-108 -2351 8577 -22 11 266 52576
