323 471 7495 49 14 -10 8
446 638 7792 35 70 -5 50
392 559 7799 -37 53 -18 72
249 349 7671 -88 48 -1 94
308 272 7574 -102 48 11 116
109 55 7632 -47 10 34 140
-9 -128 7363 22 17 36 163
-9 -222 7548 107 61 29 185
-229 -192 8282 36 35 29 211
-255 -300 8622 -20 -28 6 241
-208 -537 8633 -46 -43 6 273
-89 -571 8411 -63 -42 9 304
-93 -767 8440 33 -63 -19 334
83 -893 8627 69 -6 12 365
77 -495 8428 38 26 10 400
-31 -348 8333 17 26 2 423
-20 -301 8083 22 12 8 449
170 -117 8063 63 -29 32 478
191 -235 8603 137 -38 26 511
32 -194 9047 89 81 -17 542
-61 201 9036 -91 -3 -70 568
155 -73 8844 -91 -92 -77 599
348 -182 8193 8 -6 -41 628
29 -215 7705 0 -66 -17 658
259 -1 7596 61 -17 -4 688
341 16 7675 63 13 -3 717
277 10 7798 52 -14 -11 741
327 176 7921 85 32 -55 772
370 615 8029 39 30 -97 800
233 981 7994 -16 32 -76 830
319 724 7918 -62 4 -71 860
498 645 7803 -58 -53 -66 889
382 385 7816 -15 -61 -49 920
353 117 8171 36 -32 -39 952
419 160 8464 43 26 -37 982
241 48 8514 -2 25 -53 1010
139 -8 8380 -17 21 -62 1040
105 -10 7959 -1 -22 -43 1076
215 -51 7796 17 -8 -35 1099
156 -60 7994 45 -15 -38 1131
141 383 8433 54 11 -41 1164
65 599 8434 -2 22 -40 1194
158 537 8391 -48 0 -63 1220
167 246 8195 -33 -22 -60 1254
103 117 8145 -10 -34 -51 1287
137 136 8171 36 13 -42 1318
138 205 8268 27 16 -41 1346
116 283 8251 15 13 -34 1377
118 298 8251 24 4 -37 1407
100 342 8209 22 2 -40 1436
80 391 8241 3 10 -49 1465
90 493 8148 -17 11 -48 1493
-7 442 8065 -16 -5 -34 1523
-2 415 8161 22 -5 -43 1554
-73 440 8216 2 16 -43 1587
-122 429 8346 -16 -1 -54 1613
-1 332 8354 0 3 -58 1644
-53 266 8235 0 1 -52 1671
8 236 8154 -6 14 -58 1697
-133 210 8231 12 -11 -44 1727
-75 252 8229 24 19 -38 1762
-196 327 8191 14 -4 -42 1790
-171 285 8294 14 -3 -35 1821
-231 332 8375 26 -18 -25 1852
-235 363 8425 20 12 -42 1885
-177 392 8371 -5 17 -60 1916
-100 301 8321 -9 10 -59 1946
-61 352 8030 -14 3 -39 1980
-75 361 7938 -3 -6 -37 2009
26 378 8096 30 -11 -25 2038
-52 414 8230 29 8 -21 2068
-96 502 8185 10 26 -34 2096
-200 500 8202 -24 -2 -46 2134
-181 445 8043 -20 2 -41 2163
-154 334 8081 -1 -11 -45 2198
-74 266 8172 7 -10 -57 2222
-106 101 8243 2 -8 -47 2255
-52 73 8256 11 0 -41 2283
-138 -16 8339 26 -4 -39 2312
-80 16 8305 27 27 -39 2343
-223 24 8233 7 15 -32 2372
-161 95 8224 11 -13 -27 2401
-130 -21 8247 14 -16 -37 2433
-1 250 8314 -3 -14 -48 2467
161 200 8425 -13 -15 -53 2494
393 93 8245 -22 -7 -54 2529
557 -13 8002 -45 -10 -55 2558
595 -137 8107 -12 -38 -47 2589
739 -152 8107 48 33 -13 2625
606 -45 8241 15 25 -10 2658
524 2 8284 -4 -14 -15 2683
649 -218 8332 13 -27 -20 2715
711 -144 8330 26 10 -32 2746
666 13 8468 4 12 -35 2777
792 15 8508 -19 -3 -37 2805
627 -225 8564 6 -25 -22 2836
568 -317 8414 18 8 -13 2866
562 -113 8198 13 29 -20 2897
463 -56 8301 2 -27 -12 2927
522 -121 8263 18 -2 -16 2958
497 2 8227 29 9 -28 2989
541 217 8132 -9 16 -26 3015
436 35 8323 6 -25 -25 3046
607 -24 8296 26 23 -16 3076
445 84 8333 27 16 -23 3105
446 79 8401 -12 8 -27 3134
345 -32 8191 -15 -2 -20 3164
370 -163 8156 3 -8 -20 3205
447 -188 8235 26 -10 -27 3226
556 -160 8294 29 20 -21 3257
544 -117 8282 -9 1 -23 3288
505 -85 8090 -24 12 -13 3320
461 -167 8156 21 -15 -12 3351
580 -235 8378 34 7 -20 3382
567 -74 8536 15 -2 -22 3413
669 -94 8520 -16 3 -27 3443
736 -164 8443 -14 -9 -32 3472
757 -207 8196 -14 -6 -28 3505
750 -287 8182 14 -16 -15 3537
713 -207 8253 44 23 2 3571
665 -133 8259 20 10 -2 3597
673 -54 8267 -7 -11 -24 3630
742 33 8244 -17 0 -25 3659
788 -46 8382 -7 -19 -26 3690
868 -86 8315 -2 19 -18 3724
872 -49 8342 -13 9 -13 3751
781 -198 8165 -22 -2 -15 3780
635 -351 8246 13 -21 -12 3812
789 -302 8338 30 14 -15 3850
711 -216 8306 9 14 -14 3875
680 -251 8196 -40 -22 -22 3908
813 -281 8199 31 -18 -14 3940
730 -276 8299 33 25 -3 3972
599 -185 8479 4 -20 -20 4001
845 -296 8544 9 2 -12 4033
737 -118 8215 -47 13 -14 4069
724 -224 8177 -47 -30 -27 4093
911 -389 8273 53 -2 -2 4129
917 -200 8311 38 58 -3 4158
704 -105 8230 -45 17 -14 4188
782 -214 8320 2 -28 -6 4220
836 -265 8214 16 33 -4 4254
702 -168 8354 -11 -31 -28 4281
851 -334 8547 4 -17 -25 4314
971 -324 8266 -16 31 -16 4347
660 -344 8126 -35 -11 -14 4377
711 -535 8205 22 -25 -10 4411
842 -599 8370 76 6 -1 4443
879 -138 8542 18 40 -18 4472
817 -38 8445 -36 -12 -27 4503
936 -286 8200 -15 -14 -19 4538
972 -333 8260 16 -17 -14 4569
1053 -379 8426 34 22 -12 4601
1165 -270 8421 -10 4 -16 4634
1145 -323 8306 -35 9 -23 4666
1124 -613 8311 -9 -40 -30 4698
1322 -597 8412 56 7 -4 4731
1266 -617 8652 58 8 -12 4761
1305 -461 8532 -23 -11 -25 4798
1453 -475 8387 -16 -39 -29 4827
1586 -601 8116 14 7 -16 4861
1512 -478 8236 21 -25 -14 4894
1742 -227 8224 20 12 -4 4925
1636 -325 8231 -15 -17 -13 4956
1764 -324 8197 -7 -20 -16 4993
1733 -480 8494 34 -22 -10 5024
1868 -482 8723 35 19 -7 5057
1741 -282 8438 -28 17 -2 5088
1712 -495 8245 -22 -28 -15 5123
1744 -574 8207 23 -2 -13 5159
1787 -520 8257 26 19 -4 5187
1804 -261 8327 16 11 6 5218
1734 -334 8308 -2 -2 3 5249
1696 -369 8347 -10 -14 -18 5281
1678 -366 8330 9 -13 -9 5317
1752 -492 8416 13 5 -8 5344
1769 -388 8496 -6 -3 -7 5375
1686 -399 8340 -17 -11 -5 5406
1776 -547 8546 40 -6 -3 5441
1804 -411 8251 -8 45 -9 5471
1658 -346 7976 -64 -39 -16 5502
1783 -607 7873 -10 -10 -10 5536
1696 -613 8125 61 10 12 5572
1602 -442 8584 60 19 5 5601
1592 -536 8803 13 -4 -11 5635
1768 -362 8534 -43 22 -18 5664
1619 -603 8299 -58 -66 -36 5699
1890 -696 8132 19 -11 1 5731
1857 -559 8224 52 38 23 5763
1787 -343 8481 22 26 4 5795
1695 -192 8620 11 19 9 5824
1708 -455 8880 -14 -2 -30 5860
1790 -534 8741 -31 20 -28 5888
1867 -465 8500 -52 -13 -9 5920
1932 -636 8223 -20 -2 3 5953
1849 -647 8421 37 22 6 5985
1782 -567 8600 16 32 -9 6022
1903 -311 8501 -47 16 -24 6046
1917 -340 8454 -59 -23 -25 6079
2101 -501 8421 -24 -23 -25 6114
2248 -597 8457 10 24 9 6151
2123 -624 8515 -14 -20 15 6179
2147 -898 8328 -25 -5 14 6211
2150 -981 8133 -15 -20 -10 6246
2106 -973 8250 38 5 -3 6279
2323 -703 8406 27 27 -2 6309
2268 -611 8502 -27 -11 -14 6339
2473 -716 8554 -23 -22 -17 6376
2620 -910 8471 -13 1 -21 6407
2582 -859 8398 -12 4 2 6441
2565 -1030 8341 6 -8 10 6470
2514 -1116 8446 42 20 10 6502
2380 -877 8553 18 15 -1 6537
2367 -868 8563 -24 -26 -17 6566
2515 -951 8463 -7 11 -1 6599
2541 -849 8565 17 -8 -4 6631
2535 -701 8647 -2 12 -5 6665
2525 -872 8732 -16 -35 -16 6694
2704 -833 8542 3 16 2 6727
2650 -997 8401 -20 -1 -16 6757
2720 -1106 8514 14 -29 -10 6791
2879 -1079 8714 46 27 -7 6826
2820 -1011 8682 12 2 -11 6856
2988 -1015 8541 1 5 -14 6888
3066 -975 8455 14 9 2 6926
3175 -856 8413 9 14 2 6948
3199 -879 8546 0 -12 -2 6978
3234 -881 8593 3 -8 3 7009
3296 -950 8560 -4 -2 -2 7040
3267 -916 8447 -27 -14 -11 7071
3309 -1054 8456 -2 -22 -10 7104
3369 -1149 8676 44 8 -2 7143
3310 -1080 8805 26 6 9 7171
3309 -1018 8697 -1 1 7 7198
3187 -1064 8549 -14 -26 0 7232
3234 -1070 8387 -2 5 3 7263
3222 -1026 8388 6 -9 11 7294
3237 -859 8310 -1 22 6 7324
3122 -937 8577 6 -41 7 7354
3216 -820 8430 16 62 16 7385
2976 -751 8452 -40 -23 -5 7422
2905 -920 8473 16 1 7 7453
2805 -1043 8575 38 8 15 7477
2651 -1028 8610 18 20 14 7512
2589 -882 8387 -25 18 6 7541
2363 -1068 8169 -48 -26 -2 7573
2369 -1087 8113 29 -13 7 7609
2456 -994 8401 79 28 15 7640
2455 -676 8504 29 49 15 7670
2289 -571 8538 -19 0 -2 7702
2288 -722 8659 -10 -18 -14 7733
2340 -703 8474 -39 -14 -3 7770
2237 -842 8377 -15 -16 2 7801
2220 -912 8371 33 21 22 7833
1946 -1006 8414 22 26 21 7864
1744 -857 8303 3 18 4 7899
1608 -913 8268 -8 16 9 7924
1680 -897 8279 6 -9 -2 7962
1725 -812 8354 24 23 2 7990
1754 -703 8447 -1 6 -5 8018
1766 -646 8295 -34 9 -6 8046
1738 -778 8256 -28 -39 -3 8077
1721 -934 8505 40 -22 8 8111
1848 -846 8617 41 29 6 8143
1709 -822 8637 -12 12 -4 8172
1647 -922 8352 -35 -1 -3 8206
1751 -999 8403 7 -36 2 8237
1832 -821 8348 44 38 13 8267
1739 -709 8436 3 24 8 8298
1703 -783 8403 -9 14 5 8327
1594 -802 8335 -8 -13 3 8358
1612 -800 8290 3 -7 3 8389
1681 -772 8250 8 7 0 8417
1698 -875 8446 13 3 1 8446
2017 -1127 9199 80 -52 -32 8475
2428 -1650 10447 141 23 -37 8515
2343 -781 10791 66 94 20 8545
2626 -682 10712 20 16 -36 8577
2379 -442 9904 18 220 61 8611
1682 -24 8429 -96 70 46 8644
1652 -133 7581 12 116 60 8674
1264 -102 7475 11 141 70 8706
707 -343 7315 -54 -32 17 8739
1442 -251 6626 -34 45 -48 8772
1270 -215 5995 -108 49 -46 8803
1140 -848 6321 -23 6 -52 8838
992 -1294 7389 166 -91 -1 8873
517 -1533 8622 195 -125 42 8903
493 -859 9313 5 -162 -15 8937
1067 -596 7647 -153 -201 -45 8972
1104 -741 6264 -184 -183 6 9007
1627 -801 5545 3 -187 32 9046
1887 -1087 6367 79 -229 -13 9072
2575 -384 7712 98 -141 -13 9113
3068 -114 8967 61 -136 -74 9147
3454 291 9394 -52 10 -40 9177
3220 -321 9347 -109 15 -84 9211
3325 -557 9537 -59 -5 -37 9243
3002 -724 9399 1 74 75 9279
2740 -913 9214 9 115 79 9305
2323 -1630 8660 46 177 49 9340
1525 -1471 8084 35 228 46 9371
1344 -849 7422 38 185 58 9405
1073 -843 8082 170 112 39 9439
785 -784 9073 170 121 32 9470
722 -369 9618 122 165 -29 9502
754 783 10078 -64 69 -64 9538
1047 606 9767 -124 16 -78 9568
938 -91 9222 -148 -145 -58 9605
1226 -847 8645 -66 -145 -17 9638
1373 -1036 8458 -27 -109 27 9670
1510 -964 8202 44 -7 13 9708
1496 -881 8120 59 29 -11 9738
1480 -974 7899 43 39 -31 9770
1445 -944 7840 -12 0 -49 9801
1721 -651 7865 -27 -47 -47 9834
1950 -521 7967 -18 -66 -1 9870
1936 -448 8021 5 -14 11 9902
1741 -445 8251 9 31 14 9939
1639 -417 8254 1 31 18 9961
1369 -496 8310 5 12 11 9993
1244 -552 8292 1 14 -2 10026
1235 -530 8332 4 18 2 10053
1086 -542 8455 14 21 5 10086
1044 -511 8465 14 23 -6 10120
957 -506 8408 -6 16 -7 10149
909 -426 8372 -6 -7 -6 10179
946 -432 8360 -1 -7 0 10210
963 -425 8307 -4 0 -1 10241
856 -464 8304 9 6 0 10271
932 -455 8438 16 -1 -6 10299
907 -429 8387 12 9 -13 10330
921 -455 8279 -10 11 -16 10362
984 -519 8384 21 -17 -19 10396
1055 -487 8479 29 5 -6 10428
1069 -395 8388 -1 10 -13 10459
1067 -373 8258 -12 2 -16 10495
932 -361 8214 -4 -8 -2 10526
888 -311 8183 12 -6 9 10557
973 -348 8285 10 3 -6 10587
913 -305 8394 -12 1 -12 10617
947 -347 8239 -1 -10 -27 10655
1041 -441 8372 17 12 -25 10683
887 -318 8306 11 24 -1 10716
758 -264 8313 8 16 3 10748
774 -255 8335 8 15 -9 10776
511 -306 8294 -24 -10 -1 10806
447 -280 8214 3 -3 1 10842
501 -250 8295 15 -3 -7 10867
455 -233 8312 -7 10 -9 10902
453 -221 8212 -12 5 -21 10934
533 -295 8131 15 -4 -22 10964
554 -289 8220 25 13 -13 10996
455 -218 8398 34 6 -7 11030
448 -210 8421 24 30 -9 11057
310 -256 8323 -14 -7 -21 11092
433 -221 8138 -14 1 -20 11126
278 -315 8086 -11 -36 -11 11155
456 -325 8324 51 -11 -5 11194
428 -254 8311 16 30 -13 11222
462 -158 8333 3 10 -26 11254
458 -190 8223 16 35 -20 11285
392 -217 8260 10 -32 -12 11319
445 -115 8339 8 -19 -5 11351
429 -183 8481 10 -17 -19 11382
514 -184 8294 -11 28 -19 11415
502 -147 8028 -12 4 -20 11450
500 -126 7909 12 1 -1 11480
384 -108 8170 33 -7 8 11512
378 -100 8476 45 4 3 11540
290 88 8499 19 40 -23 11570
307 78 8359 -32 38 -38 11600
315 -70 8308 -28 -33 -31 11632
502 -161 8236 11 -26 -13 11666
390 -138 8126 6 -11 -10 11698
397 -194 8176 36 17 -18 11736
358 -216 8265 35 17 -11 11760
342 -98 8108 14 -9 -18 11796
413 -122 8257 14 -24 -23 11830
450 86 8404 7 -22 -13 11860
516 43 8427 -3 -2 -23 11889
677 54 8222 -19 25 -25 11919
547 -57 8248 -2 -12 -16 11951
688 -43 8197 14 1 -9 11985
659 10 8142 -3 10 -18 12010
584 -115 8280 -4 -13 -20 12042
716 -127 8281 19 1 -21 12077
755 -225 8326 12 3 -32 12106
879 -52 8272 -1 7 -32 12137
884 -161 8367 -2 -17 -27 12168
964 -74 8348 19 -11 -21 12201
978 35 8280 -8 -15 -21 12240
1132 11 8297 -2 -17 -22 12265
1177 -94 8296 -1 -22 -17 12297
1273 -129 8314 8 -19 -30 12330
1383 -93 8323 6 3 -24 12366
1363 -115 8457 13 -5 -21 12394
1431 -105 8355 -1 6 -27 12427
1423 -178 8437 -12 -26 -26 12459
1512 -191 8384 0 -8 -8 12497
1541 -207 8363 1 3 -19 12525
1473 -167 8319 8 -1 -13 12557
1509 -228 8443 21 -4 -20 12589
1533 -164 8309 -1 18 -24 12625
1482 -111 8433 -2 -10 -22 12655
1563 -178 8409 -10 -20 -21 12695
1596 -251 8458 16 -10 -16 12725
1772 -260 8574 18 0 -26 12762
1758 -240 8401 -4 23 -32 12796
1720 -103 8172 -23 11 -22 12825
1684 -333 8346 29 -39 -10 12862
1747 -191 8298 19 34 -1 12894
1681 -226 8421 -13 -32 -34 12926
1973 -83 8381 -16 24 -42 12963
1953 -232 8463 -37 -36 -47 12995
2068 -410 8482 30 -18 -29 13032
2180 -453 8643 33 23 -14 13064
2070 -228 8544 -8 19 -14 13100
2077 -399 8444 -27 -20 -31 13135
2214 -488 8201 -16 -22 -12 13168
2176 -490 8283 13 -16 -14 13201
2225 -420 8353 27 36 -14 13238
2069 -421 8536 15 7 -17 13270
2161 -422 8651 -1 -8 -26 13306
-258 -3756 -1699 -2 -258 -258 13334
2205 -542 8512 -6 -12 -8 13377
2284 -613 8428 8 2 -13 13408
2209 -590 8363 1 14 -9 13438
2237 -494 8414 13 -16 -8 13468
2200 -542 8466 35 15 -6 13502
2223 -403 8482 -9 9 -18 13537
2288 -368 8616 -3 -16 -24 13567
2357 -544 8760 2 -26 -19 13600
2366 -358 8434 -17 24 -13 13636
2375 -488 8401 -11 -5 -18 13669
2333 -677 8318 -2 -4 -13 13703
2283 -618 8345 27 -1 -11 13738
2261 -566 8462 30 4 -9 13769
2286 -538 8495 -8 3 -17 13801
2239 -517 8499 -2 -23 -13 13845
2359 -548 8478 11 -4 -15 13867
2455 -567 8459 -17 3 -12 13901
2315 -582 8330 -10 -19 -4 13935
2359 -616 8358 18 -6 -7 13968
2339 -719 8557 31 12 -13 14000
2411 -650 8549 -2 3 -17 14036
2455 -666 8447 0 -4 -17 14065
2464 -693 8374 -2 9 -15 14098
2422 -701 8464 4 -8 -9 14130
2444 -644 8523 38 24 0 14164
2487 -639 8513 -17 13 -18 14193
2499 -590 8396 -29 -23 -23 14227
2654 -756 8451 14 -12 -6 14264
2816 -714 8447 23 17 -12 14296
2885 -639 8572 14 21 -19 14329
2939 -772 8663 -16 -27 -24 14367
3100 -728 8561 3 8 -16 14397
3155 -775 8574 -14 -8 -15 14431
3178 -812 8552 -4 3 -9 14463
3162 -911 8528 -5 -4 -5 14494
3222 -865 8377 2 8 -2 14531
3246 -817 8307 -7 -2 -8 14556
3223 -893 8460 13 -11 -4 14591
3338 -843 8555 25 3 4 14622
3270 -774 8596 1 19 -7 14652
3240 -749 8651 -13 -12 -5 14684
3104 -821 8740 5 -6 1 14720
3121 -704 8676 2 18 6 14746
3048 -756 8555 -10 2 2 14780
2902 -812 8401 -21 3 6 14811
2645 -885 8327 -1 0 13 14841
2449 -780 8259 26 26 24 14871
1977 -761 8316 27 36 37 14910
1773 -706 8340 18 33 40 14935
1528 -602 8386 12 27 9 14971
1497 -579 8455 2 15 -11 15000
1581 -538 8359 -14 9 -18 15032
1640 -613 8351 -11 4 -29 15065
27263 32639 32639 5127 18158 11920 15102
2027 -1090 9344 72 -27 -28 15144
1967 -783 10147 76 72 9 15183
2128 -764 10287 19 15 -20 15210
2293 -819 10050 1 91 -19 15244
1880 -487 9320 -58 63 10 15279
1984 -520 8954 -14 28 6 15312
1721 -372 8342 -5 119 54 15343
1168 -338 7662 9 132 26 15378
1257 -445 7737 26 75 -28 15409
1251 -196 6771 -61 96 -19 15448
924 -492 6440 -51 6 -27 15476
1021 -809 6949 53 -69 -8 15508
954 -825 7224 114 0 31 15542
582 -984 7965 23 -94 -31 15576
998 -750 7703 -24 -96 -66 15606
733 -1338 7596 -56 -213 -13 15640
930 -1049 7229 76 -180 41 15678
1352 -609 7255 8 -148 -4 15712
1662 141 6590 -150 -115 -31 15746
1859 -163 6686 -120 -209 -63 15781
2649 -271 7654 57 -199 -39 15819
3078 -523 9077 80 -81 -16 15860
3541 420 9912 -36 14 1 15888
2985 -124 9965 -64 58 6 15919
2720 -1044 9593 -50 99 -5 15954
2315 -909 9195 -42 58 39 15990
1998 -1538 8744 -1 65 38 16019
1391 -1730 7975 58 116 76 16054
885 -1458 8187 130 152 92 16087
737 -880 7440 81 221 41 16123
677 -552 7225 14 199 -39 16153
408 -179 8364 88 42 -36 16186
456 250 8881 177 132 -24 16219
325 816 9771 -32 15 -37 16254
738 825 9985 -117 -9 -78 16284
750 38 9376 -130 -57 -90 16317
407 -1129 8772 -46 -104 -12 16356
278 -1366 8479 11 -54 44 16387
301 -1063 8330 45 -11 64 16423
223 -883 8321 53 -8 18 16453
386 -1065 8016 38 7 -23 16485
511 -1001 7887 1 2 -60 16523
674 -668 7918 -6 -18 -49 16547
862 -380 7967 13 -26 -12 16583
829 -192 8255 33 -11 14 16615
705 -315 8388 26 23 26 16647
679 -197 8336 17 45 10 16680
504 -262 8242 -9 31 -9 16709
300 -406 8185 -12 1 -1 16741
328 -428 8139 0 -5 -2 16772
306 -521 8174 5 6 -3 16801
308 -468 8152 -1 10 -4 16831
358 -437 8098 3 4 -6 16863
329 -400 8039 1 -4 10 16892
289 -350 7998 13 5 17 16921
220 -279 8131 17 1 17 16952
148 -281 8327 10 -5 14 16983
121 -236 8288 -22 12 1 17013
38 -260 8163 -26 1 -13 17050
-20 -379 8138 -17 -6 -7 17075
-122 -483 8079 2 -8 4 17110
-145 -558 8159 9 0 -4 17138
-171 -574 8146 12 6 -3 17168
-143 -614 8130 16 3 -1 17203
-145 -578 8212 22 -1 3 17231
-131 -465 8092 21 15 10 17261
-64 -372 8114 -1 -11 12 17296
-86 -313 8028 -3 -15 27 17327
-32 -273 7991 1 -6 18 17359
-142 -316 8118 10 5 11 17388
-86 -324 8248 -2 9 2 17420
-108 -294 8193 -13 9 -3 17450
-85 -385 8302 -2 -13 -5 17481
-69 -497 8358 -2 0 1 17515
-25 -465 8268 -1 16 -8 17541
-54 -507 8119 -5 14 -6 17580
-62 -503 7977 -12 -1 5 17605
-95 -502 8111 26 -15 23 17636
-120 -359 8240 38 15 31 17668
-121 -320 8128 -8 28 -1 17702
-181 -203 8257 1 5 0 17734
-45 -287 8231 -14 9 -9 17767
-51 -339 8088 -27 -16 -12 17794
100 -362 8097 -11 3 -5 17829
-106 -602 8054 -6 -17 8 17858
-70 -597 8152 20 9 11 17893
15 -513 8126 17 -3 3 17920
-4 -459 8292 17 -12 15 17952
46 -474 8157 1 18 -2 17980
36 -342 8121 -19 -19 -14 18013
119 -352 8199 -7 -9 6 18044
219 -429 8329 5 -17 8 18074
205 -423 8295 -7 24 -2 18113
189 -466 8387 -13 -4 -6 18135
225 -530 8494 10 0 -4 18169
151 -607 8262 -11 11 4 18197
85 -590 8135 1 7 9 18231
80 -575 8137 1 13 8 18255
30 -531 8260 32 -15 17 18284
39 -507 8369 32 18 17 18315
-21 -438 8300 3 12 -2 18346
40 -250 8175 -16 20 -4 18375
-49 -363 8193 -16 -22 2 18407
93 -484 8254 5 -11 6 18441
177 -473 8305 1 -11 -1 18467
125 -480 8142 -2 10 -3 18501
111 -511 8035 0 4 3 18531
179 -525 7919 -1 -7 3 18559
75 -520 8178 26 -8 12 18589
78 -579 8420 25 -4 3 18619
106 -341 8163 -20 31 -4 18653
103 -370 8246 -7 -21 -10 18681
326 -651 8669 46 -23 -15 18713
186 -189 8189 -5 73 11 18749
148 -436 8052 -47 -13 -30 18779
95 -440 7906 14 34 15 18813
101 -562 7971 -8 -9 22 18842
-21 -581 8442 70 -68 30 18874
220 -351 8614 22 101 -4 18909
60 -206 8170 -89 -20 -32 18939
189 -390 8223 5 -31 -37 18971
407 -556 8104 67 88 8 19003
-122 -321 8259 -36 -72 21 19037
221 -310 8735 72 8 36 19068
152 -443 8534 9 43 31 19098
-49 -312 8175 -27 14 -15 19132
146 -322 7567 -24 49 -30 19168
-59 -460 7283 -30 -51 28 19196
47 -422 7553 41 -47 15 19228
46 -530 8111 80 -44 34 19260
-42 -399 8620 37 7 -19 19291
107 -104 8541 -28 37 -48 19322
291 -357 8226 -42 28 -51 19357
379 -452 7580 -72 -30 -13 19389
309 -640 7458 27 -41 43 19425
301 -574 7905 72 -16 65 19456
163 -653 8392 74 6 33 19487
-24 -482 8688 28 45 -32 19518
-23 -358 8800 -2 30 -43 19550
46 -276 8684 -24 26 -27 19584
227 -252 8348 -67 -30 -20 19614
305 -426 8066 -27 -27 -4 19649
103 -597 7752 20 5 39 19688
166 -429 7891 52 5 50 19716
105 -485 8162 47 16 15 19742
-35 -408 8419 24 7 -40 19774
19 -24 8582 -11 12 -26 19805
206 -176 8516 -29 -7 -32 19840
240 -295 8516 -15 -13 -12 19869
373 -343 8341 -6 10 1 19905
163 -465 8219 5 19 21 19934
58 -510 8223 18 25 27 19964
-7 -496 8335 22 9 26 19993
-18 -406 8306 24 33 10 20024
-131 -300 8288 -10 20 -11 20054
-70 -276 8220 -22 -6 -10 20089
19 -379 8129 -22 -23 -15 20123
46 -556 8110 -4 -52 2 20156
323 -476 7940 17 -1 -3 20185
133 -458 7793 -8 -20 6 20217
266 -288 7492 -4 5 1 20253
293 -445 7482 -8 -7 -3 20276
279 -459 7895 38 -2 -16 20310
291 -264 8107 10 19 -13 20340
141 -107 8371 5 16 -8 20373
244 -149 8446 -25 21 -13 20403
48 -252 8389 -31 0 3 20436
127 -233 8337 -13 6 4 20464
49 -449 8491 4 -12 6 20495
72 -446 8618 9 6 3 20524
67 -514 8473 -34 -2 -10 20551
-10 -643 8410 -23 -32 -10 20583
244 -637 8254 27 16 1 20620
157 -673 8269 22 -11 9 20649
209 -517 8152 -1 5 1 20679
278 -640 8168 2 -21 -11 20708
352 -560 8113 19 8 3 20741
240 -500 8122 21 -10 7 20774
393 -589 8261 14 -15 -3 20801
395 -478 8126 6 21 2 20833
379 -519 8088 -9 -16 -9 20863
541 -454 8100 15 -4 -4 20896
604 -453 8013 9 16 -7 20924
697 -235 8181 10 -10 -13 20958
725 -398 8367 -4 -15 -2 20990
763 -332 8449 21 -1 -4 21021
764 -221 8302 -26 19 -1 21052
776 -270 8018 -51 -15 -17 21089
791 -386 8113 -14 -21 1 21120
753 -578 8456 50 -18 14 21151
796 -233 8551 5 34 1 21185
716 -275 8566 -19 0 -17 21211
915 -323 8217 -59 7 -23 21248
976 -548 8067 -18 -35 -15 21277
1150 -618 8334 69 6 13 21317
1024 -680 8570 74 25 16 21342
1011 -373 8626 -25 13 -19 21377
971 -352 8476 -10 0 -17 21409
1072 -501 8507 8 -15 4 21443
1043 -420 8623 20 12 13 21474
926 -344 8724 16 19 8 21505
936 -304 8533 -24 22 -10 21535
836 -388 8318 -14 -21 -10 21573
926 -418 8216 16 3 0 21608
937 -379 8258 29 16 7 21630
889 -332 8390 7 -13 -5 21663
943 -312 8374 -1 -5 -5 21693
1012 -303 8180 -27 -10 -15 21725
1104 -392 7960 -5 -17 -14 21762
1183 -409 8034 6 -11 -4 21793
1260 -474 8146 35 8 -4 21832
1308 -456 8295 25 5 -10 21857
1324 -308 8415 14 5 -12 21892
1319 -280 8301 -23 4 -15 21923
1354 -272 8226 -12 -19 -9 21955
1338 -376 8407 20 -5 5 21992
1286 -356 8632 46 9 6 22021
1205 -377 8779 20 19 -4 22052
1224 -256 8622 -24 7 -17 22083
1215 -354 8540 -25 -16 -22 22117
1380 -246 8194 12 28 4 22153
1249 -292 8172 6 5 -6 22183
1248 -113 8370 14 -9 -3 22213
1220 -224 8599 34 -6 0 22246
1206 -53 8469 -1 25 -9 22277
1185 -41 8318 -28 -11 -20 22310
1254 -89 7900 -44 1 -14 22342
1302 -126 7572 -9 11 -4 22381
1292 -162 7783 7 -6 -3 22405
1447 -77 8090 25 6 -16 22440
1361 -200 8555 -3 -19 -27 22469
1511 -202 8825 31 -4 -30 22503
1406 -113 8312 -68 5 -21 22538
1368 -124 8172 -36 -8 -15 22570
1215 -370 8342 22 2 13 22605
1194 -301 8450 36 28 25 22637
1074 -365 8781 27 -13 -24 22668
1211 -421 8861 2 4 -26 22702
1045 -597 8735 -13 -11 -29 22734
1291 -531 8304 4 -23 -23 22770
1432 -532 8262 46 3 8 22802
1422 -479 7868 2 28 5 22832
1321 -398 7746 -3 -20 -4 22863
1310 -496 8154 81 -16 6 22900
1311 -270 8288 52 28 -13 22928
1195 61 8497 0 5 -51 22961
1335 149 8637 -2 14 -39 22991
1356 172 8499 -45 -7 -14 23022
1530 181 8177 -15 -8 -18 23057
1684 30 8311 1 3 -8 23092
1647 -132 8568 19 -4 -2 23118
1590 -125 8793 23 20 -6 23149
1539 -219 9045 20 -1 -3 23181
1550 -20 8735 -35 40 -19 23216
1558 -139 8345 -76 11 -25 23248
1415 -366 8324 -33 -31 -6 23281
1569 -385 8471 58 17 6 23317
1344 -268 8886 42 5 6 23347
1561 -147 8566 -48 27 -37 23383
1452 -366 8437 -65 -22 -33 23409
1671 -475 8147 38 -14 -3 23453
1718 -484 8193 65 1 2 23479
1583 -344 8220 3 14 0 23512
1523 -368 8286 17 -10 -11 23545
1607 -415 8376 2 3 -13 23574
1614 -453 8467 31 -12 -15 23606
1720 -183 8386 -6 6 -10 23642
1779 -193 8307 -21 -10 -11 23673
1703 -308 8371 -3 -27 -6 23707
1698 -373 8187 3 -8 -5 23743
1748 -330 8233 16 -15 -1 23773
1808 -392 8202 -11 12 -9 23806
1774 -254 8038 -9 -1 -15 23840
1843 -238 8027 -30 -10 -18 23872
1881 -346 8099 2 -15 -8 23907
1823 -273 8092 2 15 4 23942
1803 -373 8218 -9 -9 -3 23974
1745 -548 8456 9 -7 1 24002
1762 -486 8270 -21 18 -11 24032
1685 -683 8187 -44 -12 -12 24067
1758 -813 8450 28 -12 5 24104
1721 -677 8424 34 47 17 24134
1616 -687 8472 -14 -13 -7 24166
1697 -818 8445 -19 3 2 24202
1623 -947 8335 -13 -23 4 24232
1715 -955 8361 29 1 -3 24265
1744 -956 8518 14 14 7 24298
1633 -973 8643 7 -15 -5 24328
1755 -1052 8640 22 20 -3 24360
1741 -915 8433 -3 12 7 24393
1648 -810 8294 -4 3 9 24424
1528 -937 8451 24 -8 16 24454
1416 -932 8529 27 18 32 24493
1439 -816 8660 27 -10 4 24518
1463 -840 8612 5 31 0 24551
1503 -773 8377 -38 13 -11 24581
1477 -909 8147 -5 -9 7 24618
1530 -997 8295 41 6 23 24647
1487 -975 8331 20 20 23 24678
1375 -934 8512 23 -17 5 24710
1428 -874 8471 -15 26 7 24743
1420 -899 8374 4 -22 -5 24776
1437 -1010 8465 18 36 16 24807
1378 -873 8483 6 9 18 24840
1350 -890 8320 -26 15 17 24871
1233 -1168 8278 -18 -4 21 24905
1216 -1215 8320 19 22 24 24938
1158 -1203 8613 30 3 18 24971
1200 -1255 8976 5 17 9 25006
1190 -1130 8903 -6 2 9 25039
