760 -350 8282 44 5 16 22
662 -225 8372 -9 15 6 68
655 -173 8305 -30 -6 -10 90
701 -246 8168 -11 -4 -11 115
704 -297 8141 24 3 13 147
631 -246 8338 40 3 20 175
640 -161 8383 11 17 8 203
578 -179 8375 -30 2 -4 229
678 -279 8324 -8 -18 -4 266
792 -307 8316 31 9 9 288
726 -283 8358 24 12 8 317
704 -250 8429 9 2 1 346
725 -268 8212 -20 6 2 372
725 -282 8087 -29 -11 -4 398
733 -234 8158 34 -3 15 433
704 -218 8354 58 8 22 458
704 -120 8514 22 19 7 488
619 -49 8407 -43 -8 -10 516
745 -235 8226 -48 -21 -13 546
835 -347 8193 38 -4 15 583
814 -309 8319 58 18 21 607
701 -298 8321 -2 17 4 636
675 -234 8157 -36 -8 -3 665
682 -338 8114 9 -17 5 695
703 -292 8281 64 2 12 723
669 -177 8469 36 18 10 751
631 -102 8457 -37 -13 -5 784
721 -198 8367 -16 -11 3 811
772 -273 8401 30 -2 8 842
729 -142 8334 11 23 8 870
681 -181 8294 -28 -7 -3 895
791 -272 8129 -4 -6 0 929
766 -275 8096 8 1 9 955
657 -247 8284 41 -13 13 981
726 -160 8311 39 29 9 1012
697 -89 8246 -45 -9 -16 1041
793 -127 8126 -31 -19 -8 1073
825 -226 8227 43 -6 17 1110
817 -195 8367 50 21 18 1133
732 -57 8477 -19 4 -6 1168
723 -169 8406 -53 -9 -16 1192
844 -256 8290 33 -2 12 1228
802 -236 8280 52 22 14 1255
745 -147 8401 -10 -1 -3 1289
749 -156 8194 -26 2 5 1322
763 -326 8290 11 -19 2 1347
877 -217 8296 36 30 14 1377
751 -85 8310 -3 -3 0 1407
767 -117 8281 -24 4 -5 1434
773 -205 8273 22 -5 12 1467
811 -152 8305 38 20 12 1496
747 -23 8344 -11 -3 -1 1526
827 -162 8456 -11 -16 -9 1556
886 -257 8520 26 5 4 1588
827 -243 8438 9 19 3 1616
799 -129 8213 -17 5 8 1649
900 -161 8160 -19 -17 1 1672
827 -174 8274 34 17 23 1706
813 -116 8404 26 0 7 1735
788 -57 8359 7 11 0 1762
743 -198 8337 -36 -13 -16 1789
895 -240 8058 -4 2 -2 1825
920 -233 8024 20 -3 9 1851
873 -118 8213 24 8 17 1884
796 -123 8490 30 -14 12 1909
763 -111 8451 -2 18 1 1944
766 -67 8288 -42 -12 -12 1970
882 -89 8146 -10 -18 1 2005
946 -122 8093 19 4 7 2033
902 -125 8254 18 5 10 2060
878 -126 8337 12 16 10 2096
827 -173 8363 -17 -4 -7 2120
868 -120 8069 -18 5 -1 2154
941 -159 8227 31 -20 9 2186
890 -150 8432 48 18 15 2213
796 -144 8475 -9 6 -1 2243
859 -166 8239 -49 -12 -14 2272
982 -224 8067 -15 -14 -4 2304
955 -239 8068 33 4 12 2337
944 -132 8219 17 12 11 2366
846 -69 8456 33 -13 19 2397
801 -112 8457 9 30 8 2426
784 5 8332 -35 -6 -13 2458
928 -61 8192 -34 -12 -12 2484
974 -178 8206 21 -2 6 2515
940 -168 8230 20 19 14 2545
903 -101 8277 -18 2 -2 2576
904 -87 8345 0 -13 4 2606
856 -135 8457 35 7 2 2633
870 -135 8469 8 17 -6 2661
932 -173 8417 -18 -1 -4 2692
865 -222 8265 -11 -8 0 2725
914 -259 8187 -5 9 3 2752
944 -220 8322 25 -9 7 2781
841 -268 8599 39 16 15 2810
768 -157 8653 21 14 7 2840
748 -103 8413 -31 1 -9 2869
874 -8 7993 -51 2 -6 2898
933 -106 8087 -10 -44 2 2928
1040 -239 8344 72 20 21 2958
877 -154 8518 3 29 8 2988
860 -106 8610 -7 -8 -6 3017
800 -193 8386 -7 28 0 3048
831 -204 8403 -9 -17 -13 3075
958 -238 8431 35 20 6 3110
810 -273 8417 -12 -6 0 3142
871 -202 7953 -58 1 -7 3169
1051 -79 7694 -40 -41 2 3198
943 -137 8068 91 -14 34 3233
878 -71 8402 69 47 28 3261
759 102 8611 -27 -6 -18 3290
859 -43 8573 -62 -29 -44 3320
1000 -231 8302 -36 -3 -31 3353
1164 -265 8118 22 15 15 3389
992 -244 8170 11 18 29 3418
976 -82 8102 -19 -2 15 3447
847 -199 8273 9 -20 10 3478
854 -262 8508 51 16 6 3509
822 -228 8625 13 24 -14 3537
932 -209 8492 -35 1 -39 3568
1071 -288 8388 -16 -14 -5 3600
1022 -217 8167 30 25 36 3636
916 -59 8174 -7 2 17 3664
851 -90 8260 -18 -9 8 3690
850 -153 8290 -15 -9 -1 3721
977 -280 8310 20 10 -6 3754
963 -278 8309 6 11 -13 3786
980 -319 8422 0 -5 -8 3813
988 -267 8278 8 1 6 3840
956 -259 8245 1 -6 9 3869
1027 -196 8285 1 -9 5 3897
994 -68 8122 -31 -1 8 3926
1027 -176 8160 -20 -14 1 3958
1082 -120 8196 28 15 12 3988
975 -167 8548 34 -1 5 4019
924 -270 8565 -1 28 -8 4047
920 -316 8468 -40 -14 -29 4078
1113 -391 8068 -15 4 1 4117
1084 -334 8009 12 -16 15 4142
1077 -194 8235 42 5 33 4173
904 -125 8531 33 -5 23 4204
876 -177 8502 -1 16 -4 4235
875 -145 8536 -31 -10 -22 4264
1121 -252 8387 -4 -5 -10 4303
1138 -345 8326 9 8 4 4330
1128 -369 8309 -12 11 7 4356
1039 -224 8159 7 6 21 4390
969 -221 8163 9 10 20 4416
882 -253 8500 36 8 6 4450
935 -234 8501 9 6 -7 4473
961 -266 8313 -32 -20 -19 4503
1143 -258 7970 -34 -7 -12 4537
1135 -261 8099 55 -9 27 4573
1082 -162 8421 54 21 27 4601
973 -78 8637 -14 -11 -2 4632
1075 -122 8596 -32 -11 -15 4664
1191 -214 8146 -15 17 -11 4701
1278 -226 8181 9 -8 1 4731
1179 -216 8135 25 28 24 4760
1095 -160 8272 11 -8 10 4791
1068 -142 8377 7 20 6 4824
1077 -182 8462 -5 -9 -15 4857
1168 -221 8379 -6 4 -9 4882
1169 -152 8245 -5 -6 3 4914
1246 -95 8141 -2 17 7 4946
1140 -73 8292 -2 -7 10 4972
1140 -109 8432 -1 1 -1 5010
1147 -219 8578 13 -1 -6 5032
1147 -168 8366 -21 33 -2 5067
1161 -170 8178 -39 -23 -20 5097
1228 -281 8167 24 3 13 5132
1146 -289 8192 16 13 17 5161
1100 -84 8441 9 -7 8 5195
1128 -153 8510 -3 1 3 5219
1169 -178 8508 -21 11 -8 5249
1218 -177 8561 -3 -8 -8 5282
1177 -323 8490 21 21 8 5316
1143 -337 8291 -30 33 -2 5342
1139 -293 8198 -18 -40 -6 5382
1208 -478 8138 41 22 13 5409
1176 -200 8243 21 6 10 5440
1103 -73 8473 1 -22 -5 5471
1098 -314 8541 19 10 5 5500
1213 -134 8511 -18 11 -12 5531
1300 -218 8522 -5 -6 -8 5566
1313 -320 8288 -24 25 3 5596
1267 -330 8343 12 -5 8 5626
1135 -354 8310 31 37 20 5657
1040 -362 8276 -15 -2 -1 5688
1089 -284 8319 9 -11 -3 5720
1195 -317 8266 -4 1 -3 5753
1205 -237 8229 -6 -17 2 5782
1298 -131 8393 28 1 12 5816
1209 -234 8501 6 3 5 5843
1183 -223 8560 -4 -4 0 5869
1273 -356 8177 -34 -4 -20 5912
1243 -462 8072 -25 -10 -12 5935
1370 -438 7868 16 4 6 5968
1289 -353 8060 54 -7 15 5998
1166 -211 8407 27 13 14 6032
1109 -109 8507 -13 -9 -3 6058
1314 -192 8329 -30 -10 -10 6094
1386 -193 8153 -20 -13 -1 6127
1513 -273 8514 64 -19 10 6163
1479 -272 8917 36 5 3 6193
1342 -222 8814 -55 20 -20 6221
1545 -430 8874 22 -13 -26 6255
1442 -352 8603 5 4 8 6291
1470 -245 8823 54 -16 8 6314
1337 -309 8795 48 79 27 6347
1209 -207 8973 -6 11 -5 6380
1256 -295 9035 39 13 -6 6411
1239 -69 8365 -17 74 3 6444
1058 -251 8369 -36 -47 -14 6471
1431 -248 7928 13 9 14 6506
1211 -185 7597 -10 -24 21 6536
1284 -102 7460 -19 -42 -1 6570
1291 -267 7670 68 -33 1 6602
1347 -86 7904 5 -22 6 6634
1214 -37 7918 -8 -39 1 6663
1336 -165 7917 -9 -20 -7 6692
1493 -192 7977 -5 -25 -10 6725
1402 -223 7830 6 5 11 6760
1446 -96 7619 -29 18 -2 6788
1371 -108 7656 5 18 19 6818
1474 136 8032 81 20 22 6848
1297 82 8629 55 28 17 6879
1204 159 9033 -37 10 -32 6912
1353 96 8952 -57 16 -50 6940
1492 -163 8975 -4 0 -7 6977
1507 -265 9037 39 11 5 7001
1341 -222 9046 -11 41 10 7031
1194 -153 8831 -47 -27 -3 7066
1245 -394 8589 33 17 2 7097
1267 -170 8436 5 14 -3 7128
1214 112 8193 -39 -20 0 7157
1300 -68 8154 -4 -31 -5 7189
1399 -262 8179 9 5 5 7220
1396 -194 8304 -10 -9 -6 7248
1424 -312 8130 -39 -5 -6 7280
1497 -510 8367 28 0 -6 7314
1389 -531 8303 23 26 9 7340
1368 -357 8213 -14 -18 -5 7375
1402 -252 8158 23 -15 5 7406
1359 -314 8349 35 -9 3 7437
1353 -323 8371 8 11 7 7467
1392 -35 8198 -11 1 7 7501
1397 -197 8267 -5 -19 -8 7529
1437 -246 8336 32 21 4 7558
1418 -292 8456 7 8 -8 7588
1490 -219 8300 -37 -15 -15 7617
1478 -322 8200 28 -5 14 7653
1470 -336 8350 54 1 12 7683
1460 -232 8454 17 4 1 7713
1487 -125 8399 -23 -13 -9 7742
1502 -272 8289 -5 -19 -2 7775
1567 -356 8377 57 9 11 7807
1460 -181 8379 1 15 6 7843
1457 -116 8478 -16 -32 -6 7865
1594 -264 8530 24 3 2 7902
1584 -247 8531 29 16 6 7927
1531 -133 8473 6 3 9 7961
1525 -63 8495 16 -3 8 7986
1463 -151 8448 7 8 2 8016
1522 -184 8492 19 1 -1 8050
1575 -138 8369 19 19 1 8074
1514 -75 8273 -15 -6 -3 8104
1508 -18 8294 20 -24 2 8136
1455 -106 8419 46 1 9 8166
1491 -127 8364 -10 13 8 8196
1593 -106 8106 -44 -21 -14 8226
1655 -217 7869 10 -7 5 8262
1675 -166 7980 37 -2 12 8291
1631 -59 7968 5 1 10 8323
1683 -54 8209 -1 -42 -6 8350
1680 -75 8127 4 1 -3 8381
1708 -171 8085 0 10 4 8410
1862 -194 8118 -10 -38 -16 8439
1735 -77 8176 31 11 18 8473
1578 -104 8279 9 -8 4 8503
1785 -36 8426 22 -5 2 8532
1548 -17 8373 -44 -12 -11 8568
1645 -56 8258 -21 -11 -10 8593
1838 -49 8207 34 36 17 8630
1701 136 8431 -14 -3 -3 8658
1740 20 8651 13 -4 7 8689
1772 45 8709 0 11 -9 8718
1729 -7 8607 -51 12 -21 8751
1760 -2 8355 -17 12 7 8777
1745 -21 8476 43 13 18 8806
1633 -87 8728 7 26 5 8837
1648 33 8687 -40 1 -13 8862
1627 -62 8409 -27 -12 -7 8897
1756 -231 8356 -12 5 -16 8927
1767 -117 8267 -9 5 -1 8958
1715 -104 8237 7 -4 6 8988
1764 -133 8490 13 8 4 9019
1752 -51 8578 -9 0 -7 9046
1840 -90 8629 -25 -9 -22 9076
1887 -105 8320 -37 12 -3 9112
1916 -73 8442 17 -18 -3 9142
1852 -229 8585 28 30 5 9171
1916 -104 8589 -30 -19 -15 9204
1938 -224 8475 -6 3 -8 9239
1916 -134 8306 -14 3 1 9267
1920 -44 8281 15 -6 4 9296
1919 -32 8201 8 24 4 9326
1813 -44 8414 -16 -17 -8 9354
1931 -137 8444 -3 -4 -14 9386
1993 -206 8467 7 4 -12 9418
1966 -189 8276 -23 9 -5 9448
1908 -162 8362 21 -18 3 9480
1890 -103 8235 0 10 -3 9513
1889 -27 8215 -40 -14 -11 9539
2001 -84 8130 3 -13 -3 9576
2018 -68 8191 17 8 0 9605
1954 22 8428 26 5 -1 9637
1991 28 8386 1 25 -12 9659
2009 -64 8509 -15 0 -18 9692
2009 -108 8700 39 4 -5 9724
1965 -125 8692 3 20 -6 9751
1896 -86 8782 -18 -5 -11 9782
1849 -218 8696 17 14 0 9813
1881 -160 8564 5 7 -9 9844
1887 -38 8309 -4 15 -5 9873
1851 4 8133 -19 -8 -6 9903
1944 29 8114 1 -11 -3 9932
1864 37 8444 57 4 5 9962
1889 141 8618 34 10 -8 9987
1961 124 8617 -42 -19 -31 10020
1984 -89 8570 -25 -29 -35 10053
2177 -134 8170 21 22 -2 10090
1990 36 8048 0 0 -4 10120
1943 43 8188 13 -12 -9 10145
1926 217 8098 21 16 5 10184
1748 147 8415 28 6 -6 10210
1884 284 8726 42 10 -16 10239
1977 368 8590 -34 29 -34 10271
1884 259 8485 -48 -19 -40 10304
2098 4 8435 29 18 -1 10341
1901 74 8669 28 18 4 10368
1837 105 8659 10 14 4 10397
1718 12 8311 -43 16 -14 10428
1659 173 8152 -5 -4 -2 10460
1536 78 8172 56 13 -6 10490
1647 116 8360 22 7 -15 10521
1587 245 8184 -44 6 -15 10552
1576 101 8154 10 -39 -10 10587
1660 25 8293 32 -15 -9 10622
1701 241 8156 -15 3 -17 10649
1648 216 8000 -53 -40 -26 10681
1762 54 7848 17 7 -6 10716
1731 73 8013 50 14 -3 10742
1687 235 8225 8 16 -10 10776
1527 154 8284 -34 -10 -17 10806
1610 176 8168 -7 10 -17 10841
1571 171 8215 16 6 -13 10872
1519 211 8377 -8 -4 -12 10905
1582 146 8534 -4 -15 -24 10936
1470 120 8588 -3 -8 -13 10975
1513 137 8554 0 1 -16 10999
1509 126 8552 -1 8 -14 11031
1466 41 8620 -2 -2 -19 11065
1525 -19 8420 3 17 -12 11094
1535 65 8352 -7 2 -17 11125
1431 21 8309 7 8 -4 11155
1410 10 8475 29 -1 -7 11184
1355 50 8445 0 21 -11 11214
1335 22 8604 -21 -27 -25 11240
1454 3 8504 13 -1 -14 11278
1431 -8 8375 -19 -9 -17 11306
1523 -3 8404 22 -12 -11 11340
1443 18 8455 24 10 -7 11373
1463 61 8577 0 -10 -17 11402
1486 69 8427 4 8 -9 11433
1468 51 8309 -15 4 -23 11462
1544 33 8346 24 -5 -10 11493
1418 50 8362 51 22 2 11524
1319 117 8375 -7 23 -10 11552
1419 166 8392 0 -25 -20 11585
1404 51 8428 24 7 -16 11617
1468 125 8347 1 4 -14 11646
1449 158 8437 17 -7 -10 11682
1509 123 8471 14 4 -12 11711
1442 193 8335 -9 -7 -15 11741
1441 139 8232 -7 11 -17 11776
1592 131 8168 10 -7 -15 11805
1523 174 8174 -5 11 -9 11837
1441 215 8405 37 2 -4 11871
1385 86 8405 17 33 -9 11897
1463 149 8522 -18 -12 -31 11931
1439 93 8308 3 8 -10 11963
1477 134 8118 -14 5 -15 11993
1512 155 8165 9 -11 -9 12024
1482 214 8259 11 14 -5 12058
1444 236 8333 -17 -17 -11 12086
1501 114 8323 -3 0 -20 12123
1533 80 8241 -23 -11 -30 12152
1520 41 8238 17 -3 -8 12188
1463 0 8323 37 5 -5 12214
1470 55 8332 -7 7 -12 12243
1461 95 8391 -11 -10 -15 12274
1471 94 8240 -10 -8 -20 12314
1574 152 8219 -10 -5 -13 12340
1468 59 8309 8 -1 -7 12372
1457 87 8378 13 12 -4 12402
1467 11 8513 3 -3 -16 12433
1459 -55 8406 -33 -5 -30 12463
1566 -69 8215 -1 -3 -9 12497
1573 -92 8296 39 6 0 12527
1532 12 8488 20 9 -4 12562
1434 109 8520 -23 -10 -9 12585
1457 23 8472 -2 4 -18 12618
1528 -56 8403 5 -3 -15 12649
1536 -83 8274 -20 0 -15 12686
1456 -154 8258 -9 0 -5 12710
1392 -240 8257 15 14 1 12745
1343 -224 8371 -4 -11 -12 12775
1360 -257 8334 -9 1 -6 12810
1440 -342 8292 -11 -18 -10 12846
1453 -346 8205 16 2 3 12875
1414 -406 8224 -5 -1 0 12906
1485 -438 8395 13 -14 -2 12937
1436 -510 8466 5 8 -3 12969
1519 -431 8401 -32 -17 -14 13000
1497 -607 8387 27 8 10 13037
1459 -639 8438 25 17 6 13067
1433 -534 8383 2 12 7 13097
1436 -472 8313 -21 -6 -1 13128
1493 -533 8353 23 -14 5 13164
1434 -580 8459 28 13 10 13194
1451 -489 8574 -8 -11 2 13225
1495 -564 8643 4 -10 1 13258
1477 -599 8485 -24 10 3 13292
1555 -561 8234 -24 -11 -1 13322
1467 -570 8019 10 11 19 13362
1462 -637 8306 40 2 10 13386
1478 -617 8534 18 36 16 13422
1373 -534 8601 -43 -11 -6 13452
1505 -703 8526 -3 0 -3 13486
1469 -771 8419 -1 15 7 13517
1497 -799 8388 -2 11 18 13551
1454 -752 8250 -16 3 25 13581
1440 -889 8405 28 -1 18 13612
1366 -937 8538 -4 7 0 13649
1401 -840 8474 -32 -17 -5 13674
1452 -931 8342 8 3 17 13711
1520 -988 8328 13 0 18 13739
1454 -971 8505 37 -6 27 13770
1496 -950 8344 -26 24 8 13804
1441 -861 8230 -44 -48 9 13835
1478 -979 7991 28 9 28 13871
1496 -952 8333 38 -8 25 13904
1417 -894 8405 21 16 25 13932
1468 -844 8466 -30 -33 3 13964
1641 -858 8055 -34 0 19 14000
1601 -843 7973 7 -13 25 14030
1545 -844 8144 33 15 34 14062
1469 -698 8207 -7 14 25 14094
1501 -700 8090 -47 -28 1 14129
1579 -879 8042 -7 3 8 14160
1562 -1019 8602 46 -13 16 14190
1535 -1081 9015 48 35 31 14224
1349 -1038 8875 -54 -5 2 14260
1548 -1013 8542 -40 2 12 14291
1568 -1021 8063 -12 4 22 14326
1628 -880 8232 35 2 30 14358
1471 -1029 8723 67 27 44 14389
1340 -1072 9323 7 -15 17 14429
1320 -1218 9211 -9 24 -10 14458
1583 -1143 8488 -71 -3 -9 14496
1690 -1148 8135 -51 -16 32 14522
1540 -1169 8028 100 24 60 14562
1279 -924 8797 74 21 45 14596
1272 -836 8960 -13 -12 3 14626
1326 -886 8469 -80 -12 -26 14659
1600 -1015 7821 -23 -13 27 14697
1622 -1019 7616 62 11 49 14730
1489 -835 8243 65 26 40 14764
1405 -704 8565 2 3 23 14795
1334 -857 8432 -58 -27 0 14826
1476 -966 8341 -3 -21 2 14859
1533 -1011 8352 45 5 22 14890
1413 -917 8173 -20 -6 28 14925
1480 -1011 8089 11 -5 25 14963
1413 -1029 7991 25 17 26 14988
1439 -920 8235 26 -5 19 15025
1516 -875 8427 13 -11 24 15055
1548 -837 8718 29 -13 13 15088
1570 -910 8997 19 18 22 15124
1701 -712 8768 -51 12 6 15154
1727 -843 8494 -55 1 16 15186
1657 -852 8247 19 28 40 15218
1418 -898 8483 43 31 36 15253
1253 -738 8755 25 27 27 15283
1215 -666 8883 -11 6 12 15315
1168 -678 8708 -21 3 13 15347
1301 -759 8479 -21 -12 14 15381
1363 -788 8226 -38 -7 25 15414
1426 -875 7988 -43 -13 20 15448
1471 -1100 8003 7 -15 20 15486
1469 -1042 8014 2 5 22 15515
1425 -1026 8122 6 -28 18 15546
1528 -1061 8067 1 -2 12 15582
1583 -1043 8190 16 -17 9 15611
1636 -952 8261 24 15 32 15645
1545 -898 8430 -33 -35 9 15682
1510 -1029 8475 37 17 32 15711
1417 -1002 8364 -16 31 20 15743
1546 -892 8534 23 -1 18 15779
1394 -1008 8675 23 13 21 15810
1500 -843 8934 19 -25 8 15844
1457 -908 8995 34 36 28 15878
1361 -886 8668 -71 -10 9 15908
1527 -896 8386 -8 -7 21 15941
1513 -972 8121 23 41 32 15974
1440 -747 8342 9 -16 27 16008
1464 -832 8463 21 2 29 16034
1317 -911 8624 -11 2 17 16070
1420 -939 8610 -5 -9 4 16102
1490 -978 8266 -21 18 12 16133
1565 -812 7789 -53 -11 26 16167
1476 -836 7689 20 -21 41 16200
1417 -715 7984 41 14 36 16236
1316 -632 8254 -11 -32 10 16266
1452 -823 8434 -5 -9 1 16303
1460 -853 8231 -41 15 4 16331
1594 -920 8159 1 -10 19 16366
1578 -933 8117 -6 21 32 16396
1516 -849 8229 -20 -17 24 16427
1537 -1016 8514 28 17 19 16462
1437 -1095 8968 18 13 16 16498
1368 -1113 9029 20 32 8 16535
1409 -1138 8812 -32 -2 -8 16565
1582 -1099 8559 -2 8 24 16595
1470 -1036 8380 7 10 39 16627
1437 -821 8508 22 -7 36 16660
1212 -816 8811 20 0 30 16694
1258 -881 8870 -2 7 5 16724
1340 -896 8637 -25 10 6 16754
1460 -972 8255 -45 -14 7 16786
1521 -1060 7768 -28 10 36 16819
1464 -877 7889 36 -18 37 16856
1352 -821 8138 45 14 37 16886
1342 -717 8294 -27 -22 12 16919
1424 -821 8175 -19 -20 8 16955
1513 -920 8011 -4 -1 12 16987
1574 -871 8040 -7 -14 20 17018
1563 -957 8071 -5 4 27 17054
1454 -1011 8486 26 -12 28 17087
1502 -957 8848 58 37 23 17118
1350 -844 8786 -62 -1 -8 17151
1564 -958 8543 -18 -3 8 17183
1571 -926 8037 -6 34 39 17215
1426 -933 8427 18 -36 21 17250
1401 -987 8644 60 52 39 17280
1260 -830 8750 -46 -24 3 17313
1415 -735 8612 -11 -3 3 17346
1394 -823 8274 3 -14 11 17381
1582 -652 8224 -3 -18 22 17411
1550 -617 8111 -9 -5 25 17444
1462 -613 8234 0 -20 20 17476
1485 -826 8386 28 30 15 17511
1443 -697 8273 -16 -8 7 17541
1466 -740 8066 -9 2 10 17573
1592 -685 8110 29 -4 12 17610
1604 -552 8214 34 6 26 17635
1441 -504 8499 1 -2 18 17670
1412 -534 8600 0 4 10 17699
1421 -732 8491 -13 2 -3 17733
1588 -663 8215 -25 12 -3 17761
1569 -683 8142 6 -18 12 17795
1566 -642 8348 37 18 20 17828
1344 -533 8591 14 0 26 17859
1382 -518 8667 14 10 8 17890
1290 -515 8503 -33 6 -1 17921
1464 -583 8360 -34 -2 -9 17953
1532 -674 8071 7 1 14 17989
1531 -558 8178 31 12 27 18018
1441 -467 8465 14 -2 12 18049
1421 -417 8620 -6 1 8 18081
1374 -494 8695 3 5 12 18118
1395 -617 8520 -27 1 -8 18146
1512 -646 8373 -24 -10 -2 18172
1463 -831 8093 6 7 18 18210
1409 -753 8185 27 1 13 18239
1435 -574 8247 11 -4 11 18270
1334 -563 8215 -2 -13 2 18301
1367 -401 8284 -9 -25 18 18336
1564 -354 8331 5 -7 5 18368
1621 -451 8414 -12 -16 -4 18398
1636 -477 8337 -1 4 7 18433
1637 -483 8397 23 14 7 18467
1413 -633 8479 -11 10 4 18495
1414 -545 8337 11 4 7 18526
1393 -477 8308 14 -2 8 18555
1440 -350 8247 -6 -10 5 18587
1510 -245 8274 -2 -11 4 18620
1519 -332 8418 4 9 10 18654
1450 -300 8494 1 21 10 18685
1371 -497 8525 -22 7 -6 18714
1419 -605 8488 -18 4 -7 18745
1465 -629 8331 -3 -3 1 18778
1460 -787 8110 -3 6 6 18808
1424 -592 8025 6 -16 18 18839
1413 -323 8003 12 -7 19 18873
1429 -224 8224 7 -27 2 18902
1471 -307 8410 -12 -25 -10 18934
1672 -503 8681 2 3 -10 18972
1561 -649 8869 16 14 -5 19001
1537 -738 8878 9 38 -8 19033
1527 -733 8591 -11 29 0 19064
1517 -465 8240 -19 20 9 19097
1474 -364 8120 28 5 18 19131
1354 -292 8466 53 7 27 19161
1257 -275 8707 23 5 8 19191
1285 -314 8866 -19 -11 -14 19226
1442 -414 8756 -37 -11 -25 19257
1608 -586 8415 -19 -2 -7 19294
1560 -584 8333 6 11 20 19325
1459 -470 8270 13 1 18 19359
1366 -550 8362 20 -2 10 19386
1404 -473 8261 -3 -6 -6 19422
1493 -427 8041 -10 -10 -7 19452
1532 -305 8114 23 -15 8 19489
1475 -391 8467 68 14 24 19519
1428 -364 8706 1 8 2 19551
1415 -380 8579 -57 -20 -22 19580
1598 -591 8139 -9 8 -1 19618
1588 -619 8264 42 -3 5 19647
1591 -449 8189 24 14 13 19678
1472 -295 8354 0 -25 3 19713
1468 -457 8512 41 27 6 19747
1563 -230 8459 8 18 2 19771
1542 -136 8440 -37 -31 -19 19803
1617 -266 8114 10 18 9 19844
1562 -281 8218 18 -8 -2 19869
1531 -142 8268 8 0 -1 19901
1483 -181 8231 -16 -18 -5 19932
1489 -128 8143 3 -15 2 19968
1472 -128 8113 8 6 4 19997
1499 -200 8182 -2 -21 -7 20027
1561 -255 8252 6 5 -2 20060
1573 -156 8352 16 2 -1 20090
1550 -259 8413 -8 2 -9 20121
1528 -245 8424 -8 -1 -4 20152
1474 -303 8355 7 -8 -6 20187
1502 -340 8296 6 2 -3 20216
1546 -259 8311 5 1 -4 20246
1599 -187 8261 -5 9 -1 20280
1517 -217 8480 18 -5 2 20307
1517 -190 8614 34 13 3 20339
1436 -166 8689 -16 7 -10 20370
1502 -250 8448 -36 -4 -14 20409
1595 -376 8333 3 12 -3 20437
1545 -351 8462 32 17 11 20469
1330 -254 8554 8 1 3 20502
1408 -328 8663 -3 -6 -16 20528
1477 -248 8313 -30 2 -14 20564
1552 -259 8338 12 -12 -9 20597
1601 -253 8424 42 10 15 20629
1388 -190 8680 -13 -17 -9 20664
1507 -291 8521 -9 20 -11 20696
1505 -236 8223 -32 -8 -12 20732
1530 -302 8328 32 7 4 20763
1487 -370 8492 30 11 10 20794
1414 -232 8411 -17 -5 -7 20833
1415 -316 8346 -15 -3 -10 20857
1512 -271 8162 9 -11 -5 20895
1505 -224 8103 5 0 2 20926
1487 -205 8184 -6 -25 0 20956
1456 -236 8320 26 -1 6 20987
1485 -317 8540 9 4 -14 21020
1548 -213 8324 -27 -5 -20 21050
1589 -359 8076 -23 4 -7 21085
1595 -353 8082 22 -6 6 21116
1456 -287 8223 34 10 9 21149
1445 -237 8322 -19 -11 -13 21179
1534 -189 8218 -9 -12 -10 21215
1549 -329 8345 30 12 -2 21251
1564 -212 8389 6 2 2 21280
1466 -170 8446 2 -9 0 21310
1452 -427 8532 9 -3 -6 21345
1597 -316 8383 -1 7 -8 21371
1541 -203 8082 -38 -1 -4 21402
1587 -256 8171 37 -8 6 21437
1484 -357 8426 61 19 17 21468
1443 -160 8551 -10 3 -9 21499
1514 -133 8604 -18 -11 -13 21531
1579 -304 8472 3 24 -5 21568
1507 -265 8447 -7 10 -2 21599
1483 -273 8384 16 18 10 21633
1420 -299 8452 17 0 -3 21662
1501 -128 8411 -11 5 -10 21698
1551 -133 8289 -27 -7 -12 21728
1602 -113 8307 15 10 2 21760
1456 -154 8521 26 20 11 21792
1459 -241 8646 -19 2 -13 21826
1542 -372 8428 -32 6 -15 21859
1556 -419 8172 -9 -14 -9 21897
1585 -423 8120 26 -9 5 21922
1471 -201 8235 21 -7 7 21958
1424 -113 8460 2 -19 -5 21987
1607 -185 8504 7 -16 -20 22019
1650 -330 8472 -20 -11 -21 22054
1715 -378 8286 -3 24 0 22088
1630 -430 8237 11 4 7 22119
1568 -343 8131 -4 36 12 22149
1504 -292 8304 23 -35 0 22181
1524 -233 8414 8 20 -9 22216
1528 -139 8318 -40 -15 -25 22245
1664 -241 8447 20 -9 -5 22280
1673 -337 8521 11 2 1 22314
1713 -297 8506 -5 -19 -11 22343
1680 -401 8282 -16 -11 -1 22383
1679 -401 8280 29 7 11 22415
1546 -286 8408 51 -2 6 22442
1609 -179 8416 -13 19 -7 22474
1624 -244 8381 -4 -18 -19 22507
1766 -290 8393 19 14 -6 22543
1756 -280 8434 -6 1 -6 22574
1722 -226 8368 16 7 8 22605
1647 -257 8362 9 13 1 22635
1649 -139 8393 -5 -4 -10 22665
1776 -115 8181 -10 2 -17 22698
1758 -151 8169 -4 -21 -9 22733
1913 -89 8262 32 20 15 22765
1832 -53 8390 -18 -12 -13 22796
1912 -159 8357 -13 -14 -15 22832
1825 -420 8190 -3 19 -4 22866
1885 -366 8186 -2 8 1 22899
1858 -315 8085 1 -7 5 22926
1798 -327 8123 -1 -16 -4 22955
1862 -134 8224 11 -18 -1 22993
1864 -229 8227 -6 -10 -12 23024
1938 -310 8275 -16 -6 -3 23061
1932 -347 8311 16 6 1 23092
1954 -421 8464 9 -9 -7 23123
1973 -354 8363 -14 16 1 23153
1914 -337 8431 4 -10 -11 23186
1954 -274 8332 -9 14 -7 23221
1903 -101 8536 20 2 4 23252
1831 -159 8514 17 37 7 23281
1777 -116 8895 -5 -23 -16 23313
1804 -304 8765 -19 28 -14 23349
1946 -291 8676 -38 -8 -21 23382
1863 -332 8745 52 28 15 23417
1794 -297 9062 -3 1 -3 23451
1808 -277 9083 8 11 -4 23484
1848 -247 8908 -23 32 -16 23510
1903 -332 8583 -20 26 -13 23546
1865 -390 8558 33 13 6 23579
1744 -363 8524 14 37 8 23611
1627 -306 8605 -4 1 -5 23642
1666 -350 8834 35 -10 -10 23672
1645 -499 8934 7 8 -8 23708
1579 -479 8580 -32 -34 -9 23741
1796 -510 7895 -9 -7 1 23772
1753 -394 7571 1 -31 9 23802
1991 -48 7759 78 -34 -1 23835
1830 -136 7894 2 -5 7 23867
1969 -56 8310 -15 -35 -8 23897
2056 -243 8561 45 -28 1 23929
2142 -121 8482 11 33 -29 23962
2198 -198 8255 -43 -1 -35 24001
2132 -379 8005 6 35 16 24030
1892 -280 8180 64 37 30 24060
1636 64 8624 56 4 27 24094
1517 146 8757 -13 8 -9 24123
1546 31 8647 -60 -16 -44 24154
1872 -103 8520 -10 -8 -30 24186
1984 -250 8232 -25 -12 -6 24222
2034 -71 8313 11 -24 20 24256
1880 -365 8320 6 3 12 24287
1797 -405 8114 -32 -3 1 24317
1868 -428 8237 33 -12 -7 24356
1874 -426 8348 26 5 -6 24384
1877 -323 8680 34 -20 -10 24414
1922 -327 8575 21 33 -5 24448
1888 -302 8349 -38 -18 -15 24482
1896 -336 8206 13 6 4 24517
1904 -321 8431 40 3 4 24552
1882 -255 8503 18 3 -3 24574
1815 -193 8442 -21 2 -9 24608
1859 -186 8367 19 13 -3 24642
1840 -195 8476 29 5 -7 24672
1888 -130 8579 9 4 -4 24703
1857 -255 8412 -39 -2 -12 24734
1840 -346 8391 15 -21 -5 24770
1836 -335 8586 75 24 13 24801
1818 -274 8700 11 0 -6 24833
1837 -206 8521 -36 -12 -16 24865
1958 -297 8174 1 7 -9 24901
1953 -259 8280 51 4 8 24930
1870 -209 8491 43 22 15 24959
1770 -166 8666 -15 -16 -5 24993
1760 -272 8580 1 -13 -13 25028
1893 -362 8454 27 21 -6 25064
1915 -253 8422 -3 -2 -8 25092
1843 -252 8300 0 -2 8 25125
1788 -280 8271 25 -1 7 25154
1772 -185 8205 8 0 0 25188
1775 -193 8378 9 -17 -4 25219
1849 -257 8432 11 1 -4 25248
1865 -212 8491 -7 -20 -11 25278
1913 -228 8365 11 4 0 25313
1817 -308 8419 13 -5 2 25342
1886 -245 8502 13 12 3 25376
1798 -256 8406 -15 5 -2 25404
1920 -313 8148 -17 8 -5 25439
1884 -306 8045 8 7 5 25469
1830 -199 8283 45 -9 12 25499
1756 -221 8364 18 5 8 25531
1721 -207 8491 -23 -13 -8 25562
1826 -314 8514 11 -7 -4 25601
1850 -409 8367 -4 5 -1 25628
1897 -289 8138 -24 -9 0 25659
1841 -361 8194 24 -16 8 25691
1826 -261 8264 16 -1 10 25728
1862 -205 8473 15 -13 -3 25755
1885 -307 8470 1 3 -5 25789
1883 -243 8387 -18 3 -3 25819
1914 -431 8362 23 -4 -1 25853
1876 -448 8328 24 30 17 25884
1810 -195 8147 -18 10 5 25916
1807 -331 8352 18 -34 -7 25948
1845 -291 8461 37 59 15 25983
1733 -90 8396 -29 -11 -5 26014
1795 -232 8310 -6 -8 -2 26047
1844 -209 8155 17 27 13 26079
1660 -133 8338 13 -6 -2 26113
1721 -203 8514 11 13 4 26147
1652 -197 8408 -19 2 1 26175
1502 -287 8340 2 6 -8 26206
1676 -337 8391 5 -7 -3 26236
1700 -186 8253 -9 20 7 26274
1655 -117 8387 0 -34 -4 26297
1652 -170 8405 30 47 17 26333
1599 -68 8571 -16 -13 -5 26363
1654 -160 8576 -2 10 -4 26396
1687 -167 8615 11 -5 1 26430
1703 -165 8409 14 36 3 26461
1521 -331 8323 -16 -21 3 26491
1729 -442 8232 15 6 2 26524
1588 -363 8521 45 16 9 26554
1650 -149 8631 5 6 7 26586
1551 -135 8438 -27 8 3 26615
1545 -128 8392 -16 -24 4 26646
1595 -210 8369 7 18 -2 26685
1661 -68 8388 -21 -19 -6 26710
1680 -243 8108 -23 -3 7 26743
1570 -405 8138 16 -16 10 26776
1549 -352 8562 58 22 15 26811
1461 -206 8806 9 0 7 26842
1549 -97 8567 -53 -11 -11 26870
1637 -221 8203 -54 -28 -14 26905
1710 -347 7986 45 28 17 26942
1639 -173 8349 38 11 16 26978
1577 -122 8404 8 16 11 27003
1542 -166 8387 -45 -9 -10 27038
1658 -262 8336 -13 -8 -15 27070
1656 -315 8345 16 25 11 27107
1589 -333 8322 2 -3 12 27137
1521 -320 8375 8 -1 7 27168
1571 -228 8311 -15 -5 -3 27202
1516 -361 8279 -18 -29 -8 27232
1762 -436 8399 51 35 12 27268
1589 -289 8565 7 3 10 27298
1514 -273 8509 -26 -8 4 27328
1650 -228 8286 -10 -2 4 27361
1595 -230 8202 -8 21 9 27392
1651 -242 8140 -3 2 -2 27425
1702 -328 8295 6 11 3 27455
1646 -251 8376 -9 5 9 27487
1551 -348 8396 1 -17 -4 27515
1610 -388 8463 26 15 10 27547
1628 -310 8303 -24 6 -7 27580
1755 -358 8307 -6 -19 -5 27615
1852 -492 8367 31 8 8 27645
1898 -310 8333 8 12 6 27675
1914 -245 8240 -23 -15 -5 27709
2027 -373 8263 11 2 7 27747
2118 -337 8377 24 8 4 27768
2149 -258 8476 -11 8 -1 27800
2216 -412 8511 -19 -6 3 27835
2155 -543 8547 4 4 5 27865
2092 -462 8612 16 27 11 27894
2060 -420 8554 -19 -8 0 27926
2104 -487 8338 -29 4 5 27959
2069 -454 8136 -16 -4 0 27989
2087 -375 8201 15 10 12 28023
2083 -386 8529 10 -2 7 28054
1971 -390 8658 4 7 9 28086
1986 -428 8676 -17 -3 -4 28114
2019 -504 8703 -4 -1 1 28147
2105 -445 8483 -14 0 -6 28181
2115 -510 8351 -4 0 7 28217
2108 -572 8178 -6 3 6 28241
1992 -455 8266 17 -10 15 28275
2064 -452 8442 35 16 9 28305
1984 -344 8556 -16 7 -1 28337
2319 -617 8870 22 -24 -30 28370
2355 -191 8561 27 130 29 28402
1675 -245 8086 -112 -5 19 28436
2287 -789 7880 70 -49 46 28473
1757 -633 7827 77 176 68 28504
1802 -472 8933 -28 -204 -61 28536
2294 -388 8368 33 133 26 28574
1850 -623 8715 -96 -134 -8 28609
2306 -893 8361 90 38 22 28642
2191 -141 9117 111 73 28 28673
2256 -392 8580 -152 -66 -53 28709
2319 -824 7865 36 8 39 28750
2293 -948 7870 66 34 31 28773
2120 -534 8614 49 33 14 28813
2039 -459 8653 -3 -6 0 28839
1887 -654 8751 -54 2 4 28870
1980 -517 8249 -5 -8 6 28902
2080 -538 8323 32 27 -4 28933
2161 -436 8534 -16 -12 10 28967
2166 -481 8496 5 1 13 28999
2077 -671 8333 -33 -7 -4 29030
2127 -639 8229 -6 -17 1 29063
2069 -672 8484 45 3 11 29097
2102 -534 8571 11 3 9 29126
2059 -562 8636 -18 -24 -2 29157
2178 -627 8478 -8 6 4 29191
2235 -611 8453 15 -8 7 29221
2272 -596 8437 16 17 11 29252
2254 -617 8521 0 -5 6 29286
2312 -590 8402 6 6 8 29315
2347 -562 8363 -2 7 5 29348
2355 -565 8360 -6 -3 4 29372
2482 -630 8471 24 15 13 29407
2564 -636 8711 12 0 6 29437
2622 -622 8679 -3 3 2 29468
2686 -661 8644 -4 -9 -2 29498
2749 -633 8541 10 10 9 29530
2754 -614 8484 -6 -9 6 29561
2878 -640 8565 23 6 13 29595
2886 -588 8525 -5 0 15 29624
3024 -594 8629 5 -17 3 29654
3028 -582 8548 1 19 9 29689
2981 -605 8473 -12 -23 7 29717
3024 -607 8431 30 28 14 29749
2991 -588 8473 9 -12 5 29784
3021 -520 8502 9 1 8 29813
2978 -548 8392 -14 -4 11 29843
2969 -612 8370 12 -9 9 29879
2969 -644 8581 45 17 16 29906
2941 -583 8677 13 -12 9 29939
3032 -595 8739 17 6 7 29973
2999 -541 8580 -10 -9 8 30002
3028 -508 8331 -4 -6 18 30033
3132 -479 8357 14 11 18 30066
3110 -368 8384 -2 12 18 30098
3013 -310 8454 -6 -4 12 30132
2985 -333 8509 -6 -2 5 30166
2997 -376 8377 -33 5 -3 30194
3026 -545 8515 -15 -12 -13 30226
3098 -675 8494 19 20 18 30263
3054 -653 8575 12 -4 9 30293
3040 -714 8640 17 15 3 30325
2954 -643 8696 10 -1 15 30356
2890 -478 8585 3 18 15 30393
2778 -464 8589 -17 -13 8 30419
2870 -396 8727 0 -11 13 30453
2956 -367 8433 -27 12 4 30490
2924 -406 8318 -35 -5 1 30515
2952 -491 8049 -9 8 10 30550
2943 -540 8151 20 3 5 30581
2849 -484 8434 33 22 18 30610
2671 -513 8589 -5 -2 10 30643
2550 -534 8623 -9 0 9 30674
2537 -504 8587 -3 2 4 30707
2477 -446 8453 -7 -1 10 30734
2377 -530 8408 6 -21 10 30770
2341 -471 8489 20 17 16 30799
2221 -409 8611 1 -8 9 30832
2318 -415 8799 14 -4 -2 30862
2446 -476 8712 -24 31 -4 30897
2373 -537 8397 -39 -23 -5 30931
2468 -589 8408 17 3 14 30962
2289 -637 8569 49 32 26 30993
2201 -408 8793 28 23 14 31028
2147 -396 8670 -44 0 -8 31058
2332 -439 8359 -58 -37 -20 31090
2408 -633 8173 26 12 9 31127
2423 -515 8180 53 34 22 31157
2354 -392 8260 25 13 10 31189
2324 -423 8475 -15 -18 -3 31221
2425 -371 8381 -1 3 4 31257
2595 -285 8558 22 -1 2 31286
2606 -301 8754 21 13 8 31317
2608 -228 8695 -19 5 -3 31347
2682 -235 8612 -41 -35 -15 31380
2761 -401 8630 14 0 1 31417
2684 -411 8734 36 12 7 31446
2634 -361 8792 18 17 5 31480
2613 -413 8750 -25 -2 -11 31508
2696 -514 8414 -23 -6 -10 31544
2751 -651 8222 -1 -4 3 31578
2840 -766 8511 53 -5 3 31607
2956 -860 9094 79 41 6 31639
2867 -295 9157 8 47 6 31675
2782 -434 9329 -31 -25 -15 31699
3199 -329 9466 14 43 -3 31737
3129 -335 9697 10 33 3 31768
3383 -163 10075 49 66 4 31799
3269 -147 10399 13 91 2 31834
2766 -33 9805 -40 118 29 31863
2511 3 8886 -78 103 9 31897
2098 -366 8201 -48 69 10 31927
1836 -464 7364 -59 63 43 31963
1504 -539 6543 -48 60 49 31997
1204 -740 6365 -24 21 45 32027
1185 -588 6567 73 16 23 32063
1016 -566 6421 61 55 8 32097
992 -352 6446 37 22 -12 32123
985 -406 6687 14 -27 -16 32156
889 -646 7515 74 -111 18 32192
1006 -240 7773 48 -9 14 32223
737 213 7930 -19 -101 14 32254
898 38 7838 -75 -119 0 32293
870 -173 7939 -51 -211 15 32320
1058 -353 8424 38 -183 18 32354
1258 -279 9045 18 -121 -8 32390
1723 -201 9737 0 -197 -79 32422
1853 -431 9327 -71 -134 -18 32459
2200 -581 9165 -53 -210 -26 32493
2530 -728 8818 41 -62 39 32535
2433 -598 8829 15 -57 23 32563
2758 -542 8703 17 -22 -4 32598
2801 -228 8825 4 25 5 32629
2599 -403 8893 18 35 4 32659
2723 -82 8752 25 83 14 32691
2364 51 8578 -16 92 8 32722
2231 151 8352 -71 41 -4 32752
2184 -273 7865 -26 24 -10 32786
2085 -540 7731 6 93 14 32819
1844 -481 7354 19 84 17 32850
1664 -583 7065 11 114 11 32882
1535 -403 6914 -1 103 2 32917
1488 -476 6954 48 67 3 32947
1535 -429 6867 62 106 21 32979
1418 -570 7378 48 103 -11 33012
1179 -224 8597 104 50 21 33051
1071 -91 9093 73 108 8 33080
919 45 9303 -34 -15 -14 33110
907 -98 9341 -36 -45 7 33144
1073 -194 9324 12 -71 21 33174
1134 -127 9548 84 12 24 33208
1079 -18 9826 29 41 0 33240
1095 174 9765 -58 -41 -26 33269
1414 4 9149 -70 -72 -36 33306
1637 -185 8733 -54 -85 -16 33337
1915 -197 8467 33 26 16 33374
1643 -191 8353 14 17 21 33404
1354 -156 8188 -13 4 20 33436
1070 -167 8091 -8 -9 21 33469
664 -385 7774 -10 22 52 33503
419 -172 7832 3 33 61 33533
146 -207 7952 0 14 43 33563
36 -126 8028 13 41 15 33598
-12 -175 8065 2 12 -11 33624
73 -233 8075 14 6 -19 33654
206 -230 8066 18 12 -17 33688
237 -278 8036 19 -5 -6 33718
350 -189 8054 43 5 12 33748
283 -106 8179 66 8 28 33778
229 96 8329 42 15 21 33811
122 68 8366 18 1 17 33836
170 129 8270 -25 -6 2 33865
239 116 8170 -38 -39 -3 33896
253 95 8070 -5 -20 11 33930
243 74 8131 5 5 13 33957
187 111 8255 7 12 12 33985
159 86 8402 0 -7 2 34015
169 -31 8404 4 12 -4 34052
170 -90 8323 -12 20 0 34074
219 -92 8246 -8 -2 -3 34101
150 -176 8159 12 1 16 34146
174 -118 8175 28 15 7 34172
128 -13 8300 28 5 3 34198
167 -65 8367 12 3 3 34223
211 37 8146 -22 7 -1 34248
209 112 7970 -34 -8 -4 34276
238 -38 8066 6 -34 10 34310
365 -53 8183 30 13 11 34338
336 28 8192 16 30 2 34368
381 -18 8243 -7 18 -9 34395
438 -130 8294 -10 -27 -12 34428
547 -158 8190 2 -3 -2 34460
592 -181 8297 29 -17 2 34491
660 -178 8417 31 10 15 34523
615 -112 8383 7 17 5 34553
566 -56 8382 -22 -23 -1 34582
691 -25 8123 -25 -16 9 34617
608 -24 8206 19 -21 16 34651
559 -94 8396 47 7 23 34677
593 -26 8267 -9 42 6 34706
461 17 8143 -55 -1 1 34736
374 -174 8133 -25 -51 8 34765
606 -319 8134 28 -6 12 34797
550 -251 8154 28 35 14 34828
305 -230 8341 28 6 8 34858
319 -290 8356 19 -9 7 34888
467 -272 8338 32 -2 -2 34918
310 -139 8284 22 8 21 34950
401 -81 8359 32 -24 20 34979
467 -7 8246 20 20 20 35011
467 103 7940 -53 5 4 35040
448 175 7707 -59 -41 1 35068
707 -118 7880 58 -49 10 35100
769 -11 8464 65 56 18 35135
718 114 8587 39 66 12 35161
732 -114 8748 3 22 -17 35197
587 -388 8638 -23 3 -8 35224
643 -373 8524 5 -45 6 35255
740 -476 8662 64 16 29 35285
720 -477 8577 17 22 31 35316
642 -198 8352 3 13 26 35348
601 -131 8314 7 -29 5 35378
861 -375 7923 10 32 4 35407
783 115 7867 -8 49 8 35438
734 376 7819 1 14 5 35468
695 414 8135 32 7 28 35495
600 371 8266 31 28 35 35524
747 315 8614 19 20 -8 35555
745 22 8654 -26 -5 -35 35589
648 -328 8391 -55 -12 -31 35616
666 -622 8041 15 -21 1 35652
793 -607 8096 71 18 40 35682
692 -207 8234 42 18 55 35723
593 -320 8125 9 7 20 35746
578 -9 8494 -2 -15 -19 35773
712 237 8480 -17 3 -7 35804
819 393 8269 -53 -7 -8 35835
936 75 8205 -59 -29 -15 35865
1099 -237 8281 22 -6 18 35904
1016 -417 8251 49 25 24 35931
933 -281 7996 18 49 22 35963
728 -202 8013 -16 -3 21 35993
819 -113 8007 5 -25 25 36026
844 -24 8109 34 36 23 36059
830 62 8368 -15 -5 3 36088
914 115 8494 -33 -24 -3 36115
1008 -210 8583 -28 -6 -10 36150
1189 -125 8368 -20 -13 1 36182
1084 -420 8131 -13 -11 28 36218
1069 -496 8270 32 -6 35 36254
1090 -356 8493 50 21 33 36283
978 -167 8535 -20 16 11 36318
1104 -73 8613 -32 -12 -4 36347
1187 -178 8505 -21 23 13 36380
1192 -165 8188 -31 9 23 36414
1144 -260 8136 10 4 24 36449
1075 -315 8249 25 11 28 36477
1000 -363 8410 14 -2 18 36509
1085 -332 8322 -15 12 12 36542
1101 -374 8172 -12 -21 16 36578
1249 -429 8134 20 23 15 36609
1248 -259 8194 12 -15 27 36641
1220 -315 8467 22 -4 26 36676
1307 -75 8491 -11 3 12 36708
1334 -116 8395 -53 -45 2 36737
1479 -269 8013 -32 9 9 36771
1538 -389 7905 16 -16 23 36808
1581 -449 7921 34 3 31 36837
1480 -297 8057 11 -11 29 36867
1379 -308 8008 -28 -3 22 36900
1448 -334 8053 3 -39 2 36935
1608 -436 8430 38 16 12 36966
1598 -45 8828 19 16 19 36997
1653 -60 8913 -36 -31 9 37028
1694 -96 8766 -18 12 23 37060
1580 -242 8824 -1 7 15 37095
1690 -499 8633 -6 2 9 37124
1606 -478 8527 6 40 28 37154
1529 -678 8569 -5 -4 14 37185
1713 -515 8183 19 49 26 37218
1640 -196 8183 -21 25 19 37252
1538 -259 8124 -23 -3 27 37283
1555 -214 8811 100 9 48 37322
1686 -175 8997 61 83 24 37347
1357 -7 8880 -145 -90 -13 37383
1495 -600 8462 -57 7 -13 37415
1758 -613 8261 33 -19 18 37453
1787 -548 8329 51 6 34 37482
1710 -412 8511 16 18 31 37513
1631 -325 8275 -10 -8 22 37545
1572 -290 8266 20 -39 6 37583
1752 -373 8437 33 -14 23 37611
1703 -245 8301 -33 4 24 37644
1718 -320 8306 -32 -61 7 37676
1857 -415 8070 2 -1 21 37711
