-367 -1169 8284 -96 94 24 14
-347 -1328 8626 -45 18 24 56
-383 -1444 8604 5 -55 25 77
-450 -1399 8342 23 -75 10 100
-470 -1315 7899 -15 -46 -1 122
-524 -1044 7780 -28 37 -3 146
-586 -1194 7847 -40 36 8 176
-322 -1362 7903 4 -27 34 207
-529 -1183 8000 23 -65 23 237
-636 -912 7889 -5 -52 3 270
-728 -840 7969 -49 -95 -40 300
-1171 -795 8236 9 -124 -18 335
-906 -854 8275 20 -123 -5 366
-687 -811 7988 -26 -138 -38 399
-30 -1038 8003 -12 -76 -38 440
-57 -816 7730 -14 -71 -10 467
83 -1036 7699 -5 -11 -34 503
-82 -856 7945 -30 36 -3 534
-153 -944 8112 -28 38 15 559
-343 -1184 8174 -31 -8 9 593
-270 -1565 7999 -33 -31 -2 623
-170 -1516 8102 26 -38 -49 656
-212 -1190 7555 24 -66 -40 689
221 -1361 7767 4 28 -53 725
103 -1251 7816 -5 20 -47 753
-308 -1026 7782 11 18 -15 784
-298 -1245 8137 -24 14 19 816
-499 -1070 8085 -21 -27 -38 848
-370 -1433 8436 -100 -48 -17 884
-609 -1096 9004 -3 -49 -28 918
-154 -1146 8677 17 -74 -65 953
284 -1207 8795 98 -111 0 985
45 -1387 8857 147 -87 -40 1015
163 -1050 8361 -52 -78 31 1051
-31 -1249 8212 -50 -3 15 1086
-339 -1362 8203 -8 2 48 1115
-568 -1576 8237 55 -14 53 1145
-830 -1825 8590 74 -15 135 1180
-937 -1570 8286 179 -8 234 1214
-417 -529 6961 196 -239 178 1250
286 -262 6546 65 -141 87 1283
963 -118 7102 -29 -48 -12 1315
406 -210 7429 -155 270 -27 1351
114 -580 8147 -193 425 -33 1383
-1210 -946 8778 -130 34 35 1419
-920 -1182 8705 49 -72 -19 1452
1 -1135 7892 133 -152 -37 1488
380 -1250 7756 62 15 -53 1519
187 -1172 8312 -18 169 -13 1551
-487 -1249 8449 -87 198 -8 1591
-752 -1436 8680 -123 138 -71 1624
-651 -1056 8073 0 -14 -61 1658
-625 -1244 7978 84 -50 -48 1689
-562 -1046 8132 83 -65 -50 1724
-731 -911 7877 -28 14 -43 1761
-926 -817 7744 -103 163 -43 1792
-1255 -938 7899 -100 132 -65 1828
-1339 -939 8372 2 -49 -83 1863
-1152 -530 7861 59 -161 -92 1899
-1142 -522 7699 30 -106 -74 1932
-822 -463 7465 -11 -43 -91 1969
-858 -797 7709 -23 65 -94 2001
-693 -987 8014 -13 7 -122 2037
-1073 -897 8036 -13 -10 -119 2068
-964 -981 8168 19 -63 -59 2106
-957 -928 7623 9 -62 -47 2144
-731 -1127 7615 10 -53 -72 2168
-513 -1167 7385 29 43 -41 2206
-488 -1350 7334 1 43 -71 2237
-652 -1417 7631 -6 88 -58 2271
-835 -1334 7777 28 100 -49 2305
-1116 -1285 8349 -35 35 -26 2342
-1002 -999 8279 -16 -7 -16 2373
-1171 -902 8131 17 28 -21 2408
-1232 -869 8545 6 9 -52 2440
-1071 -1109 8454 16 -57 -29 2478
-1241 -775 7643 -36 -93 -43 2507
-660 -1084 7419 107 -291 -116 2545
-504 -859 6961 170 -185 -88 2582
-335 -759 7203 111 252 -40 2615
-533 -757 10386 -153 279 -110 2655
-1644 -242 8937 -327 135 -16 2688
-687 -765 7756 65 44 -50 2724
13 -1081 7780 227 120 -30 2755
-215 -965 9022 25 61 102 2791
-916 -1701 8985 -159 -8 68 2822
-932 -1535 8012 -167 -160 42 2855
-1042 -1485 6560 105 41 -65 2893
-970 -956 7511 146 31 -59 2927
-1050 -864 7873 -26 -115 -63 2963
-724 -920 7497 -9 -175 -61 2997
-1039 -619 7316 79 -129 -79 3033
-1322 -439 8255 65 12 -58 3066
-495 -798 8448 -45 16 -123 3102
-196 -837 7877 -9 52 -143 3134
-662 -339 8907 36 131 -60 3169
-437 -608 9060 36 -79 -34 3205
-121 -1085 8503 47 -122 -1 3233
291 -1377 7221 62 -18 -28 3270
-20 -1342 7338 32 13 -68 3301
-169 -1089 7866 -23 -38 -24 3335
-153 -706 6948 8 19 13 3371
-321 -1022 7758 -15 141 2 3399
-632 -721 8424 -14 13 4 3432
-801 -681 8050 -30 -72 -31 3465
-418 -827 7773 38 -8 -53 3500
-511 -275 7678 59 57 -39 3530
-151 -715 8705 47 2 -47 3562
-114 -600 8187 -41 2 -48 3596
-181 -663 8194 -14 37 -28 3627
-263 -741 8423 52 58 -50 3659
-263 -640 8525 -31 17 -7 3691
-485 -754 8353 -41 -19 -28 3733
-492 -655 7810 -21 -108 -9 3758
-289 -662 7364 65 -98 -42 3792
-472 -548 7606 74 -84 -22 3827
-493 -417 7192 82 4 5 3860
-487 -567 7558 -12 19 -10 3888
-446 -384 7621 -24 -16 1 3921
-193 -413 7704 -66 42 -3 3955
-115 -568 8584 13 38 -35 3987
-186 -585 8789 42 17 -14 4018
-267 -667 8830 58 33 -9 4051
-310 -752 9002 -13 6 -40 4081
-315 -592 8392 -4 -40 -43 4116
-11 -592 7787 25 -34 -39 4147
226 -501 7597 45 -17 -9 4180
20 -554 8216 -40 80 -11 4215
-317 -371 8238 -123 25 -14 4243
-561 -376 8128 -89 -49 -33 4280
-558 -285 7603 32 -97 -75 4313
-636 -87 7591 27 -25 -45 4344
-487 -106 7837 -40 8 -50 4376
-301 -411 8055 -46 40 -56 4408
-168 -565 7724 -25 65 -62 4443
-214 -990 7755 -93 86 -68 4482
-146 -996 7818 -78 91 -57 4506
-396 -1025 7967 -19 107 -20 4543
-422 -1119 8667 -9 32 -33 4577
-827 -829 8376 -44 0 -48 4613
-514 -985 8213 30 -14 -66 4642
-357 -852 8417 103 -40 -69 4675
-337 -750 8424 69 16 -51 4711
-246 -649 8407 17 3 -35 4743
-132 -785 8209 -41 41 -22 4773
-253 -763 8073 -5 18 -21 4812
-283 -930 8038 -7 12 -15 4837
-438 -696 7679 -62 -11 -44 4873
-505 -649 7821 -98 1 -52 4906
-890 -417 7854 -50 65 -41 4939
-1043 -493 8276 -35 -16 -44 4971
-830 -803 7995 -92 -11 -61 5009
-587 -870 8376 97 24 -94 5041
-708 -702 8492 159 2 -47 5072
-468 -1086 8775 34 -42 -75 5105
-11 -1103 7757 -20 18 -41 5141
18 -1313 7496 -41 131 -8 5173
-299 -1185 8005 42 24 -32 5205
-114 -1237 7804 -3 -28 -47 5239
-767 -681 7455 -42 -17 -33 5273
-797 -501 7632 -68 -43 -109 5308
-1282 -26 7861 -15 -67 -70 5348
-811 -414 8082 42 -72 -102 5378
-601 -142 8297 74 -88 -81 5410
-607 -181 8228 74 -52 -51 5444
27 -1011 8111 56 -34 -78 5479
179 -997 7636 -11 33 -49 5510
280 -1377 7728 3 25 -47 5541
167 -1266 7850 15 37 -31 5573
36 -972 7905 40 -39 -23 5607
113 -1016 7992 -14 -43 -44 5637
-249 -688 8056 -49 -15 -38 5670
-628 -497 8740 0 12 -46 5706
-601 -509 8886 9 -21 -50 5736
-299 -367 8599 -29 -73 -82 5772
-73 -240 8049 39 42 -67 5805
251 -768 8481 24 35 -20 5843
73 -628 8194 -38 -40 25 5868
-24 -732 7493 -96 -35 -1 5897
286 -991 7060 -135 43 -58 5929
-119 -1023 7392 -142 -136 -134 5963
-644 -986 8583 -131 -416 -131 6000
83 -1175 9327 -45 -71 -64 6045
231 -1031 8763 -73 -25 -75 6070
654 -877 8136 33 -17 -39 6107
692 -939 8260 83 1 -47 6137
693 -1109 8461 84 -49 -15 6168
782 -1436 8437 26 17 -31 6203
700 -1168 7935 4 -2 -34 6234
638 -1068 7517 -22 30 -57 6264
722 -1143 7402 -113 -51 19 6298
329 -1576 8839 99 -102 63 6334
804 -252 8238 -6 -68 33 6366
745 -515 9008 -44 8 -27 6403
744 -650 8770 -21 -38 -90 6426
1136 -1077 8543 -33 -40 -93 6463
1320 -1065 8257 5 -18 -24 6503
1029 -887 7958 -30 -8 -6 6531
1105 -994 8094 -6 42 -8 6561
827 -1241 8247 -25 61 23 6593
860 -1418 8442 -26 3 14 6625
729 -963 8340 -62 -35 20 6657
751 -1187 7983 -35 15 -38 6690
931 -1063 7917 9 32 -41 6722
1000 -1095 8394 79 -3 -19 6753
1075 -1035 8789 17 3 -19 6789
789 -735 8377 -39 -78 -23 6819
639 -831 7525 -71 -27 -34 6852
642 -946 7605 -9 65 -37 6885
752 -1012 8664 24 -94 45 6923
982 -935 9255 -64 -63 -23 6949
1009 -809 8727 -109 -7 -59 6982
962 -1050 8079 -87 -67 -104 7018
1152 -1089 7916 2 -20 -106 7053
1486 -969 8519 77 -6 -78 7088
1391 -1390 8815 11 -59 -35 7118
1437 -1331 8610 -49 52 -21 7152
1042 -1444 8213 -35 11 -7 7190
753 -1310 7896 -42 37 -42 7220
1092 -1353 7855 -124 -26 38 7254
1057 -1342 8559 -23 -43 -13 7290
921 -1243 8176 -28 -37 -16 7327
1065 -1445 8013 -4 -52 -47 7358
1046 -1181 7878 13 -39 -66 7393
1345 -1273 8138 61 28 -71 7429
1416 -1284 8432 56 -64 -9 7467
1306 -1470 8106 -10 -99 -12 7492
1498 -1509 7805 19 42 -40 7531
1506 -1600 8413 92 28 -66 7565
1321 -1217 8462 39 -4 -36 7596
1551 -1075 8167 -39 -29 -27 7629
1207 -907 7542 -47 42 12 7666
1179 -919 7716 -8 68 65 7697
868 -931 8046 23 24 96 7728
881 -900 8600 -35 -35 60 7757
725 -988 8605 -140 21 22 7790
1010 -1292 8596 -6 -29 -103 7828
880 -1239 8292 -31 -46 -106 7861
1260 -1190 8092 -13 -47 -98 7895
1630 -378 8454 21 -2 -74 7928
1412 -1347 8428 5 3 2 7963
1651 -1994 8447 -24 39 -34 7994
1283 -1700 8304 -1 44 -47 8024
1299 -1765 8033 -20 20 -36 8057
1238 -1420 7892 -10 26 -43 8094
966 -950 7454 -84 -54 66 8126
896 -1217 7510 -164 -101 65 8159
777 -904 8650 -58 -111 20 8196
512 -993 9258 -20 -44 40 8227
1259 -1320 8724 -85 -29 -52 8261
1646 -1678 8436 -39 -67 -89 8295
1583 -784 8185 7 -97 -105 8332
2010 -1597 8037 76 3 -144 8364
2028 -1586 8364 54 53 -80 8396
1755 -1920 7799 -44 30 -44 8431
1522 -1745 7413 -23 110 1 8464
1123 -1620 7782 65 95 33 8500
965 -1454 8508 -117 -63 123 8540
1001 -1589 8877 -213 -74 87 8563
555 -1157 8994 -77 5 29 8602
290 -1289 8439 -18 -3 -10 8632
1600 -2390 8311 21 -71 -126 8665
1622 -1210 8120 18 -116 -108 8703
1958 -1621 7686 47 54 -143 8739
1864 -1776 7730 32 49 -56 8771
1670 -2037 7820 41 83 -9 8804
1108 -2027 7817 46 57 -70 8838
1310 -1718 8398 27 56 -44 8870
1582 -1566 9435 -91 -108 69 8903
1253 -1223 9402 -127 20 26 8940
1143 -1010 8442 -83 34 -30 8973
1449 -1922 8154 6 -32 -101 9010
1642 -1188 8009 18 -25 -98 9047
-258 -112 -21057 15 -2 -258 9074
1640 -1737 7733 -41 33 -59 9113
1581 -1923 7578 7 57 -53 9148
1701 -2127 8351 60 66 -32 9178
1477 -2011 8682 48 4 -5 9210
1413 -1958 8820 -17 24 -24 9242
1450 -2173 8919 5 -15 -26 9279
1624 -2135 8780 29 -16 -89 9310
1522 -1605 8326 -18 -63 -33 9346
1558 -1683 7685 -5 -16 -49 9379
1321 -1427 7586 -4 17 18 9416
1300 -1552 7659 61 76 56 9446
1251 -1437 7569 32 34 34 9478
1013 -1362 7558 -101 -12 43 9510
1442 -1537 8313 8 16 -41 9548
1638 -1755 8919 74 -12 -106 9582
1869 -1762 9130 32 24 -141 9615
1821 -1499 8891 -97 -65 -122 9648
1964 -1705 8024 -25 40 -69 9686
1633 -1556 8291 33 -7 42 9723
1248 -1663 7985 -8 2 98 9749
1497 -1909 8222 -101 36 110 9784
1087 -1823 8105 -106 -28 39 9817
739 -1702 8416 -115 11 9 9855
384 -1316 8467 -42 44 49 9884
1909 -2674 7894 -17 -32 -92 9923
1977 -1554 8342 23 -67 -167 9953
1542 -1889 8003 80 0 -220 9988
1687 -2165 7992 12 26 -97 10022
1474 -2548 7817 -15 70 3 10056
1338 -2858 7685 21 120 29 10089
775 -2670 7848 8 -128 31 10128
1073 -2393 7807 -44 -22 51 10156
613 -1289 8057 -49 -23 68 10193
379 -1368 8456 37 -28 36 10226
777 -1690 8515 13 15 13 10261
1967 -2476 8448 -30 -92 -76 10292
1537 -1622 7784 -58 -46 -156 10331
1732 -2041 7353 49 77 -174 10366
1796 -2164 7926 66 14 -45 10402
1569 -2537 7917 16 57 6 10435
1192 -2397 7991 -70 83 41 10470
1066 -2285 7888 -68 -35 6 10502
1097 -2208 7994 -26 -46 -14 10535
832 -1923 8494 16 -2 -23 10581
654 -1862 8406 5 -1 -1 10604
1042 -2005 8090 20 39 -59 10642
1550 -2166 8003 24 -34 -108 10671
1373 -1978 7684 -3 17 -73 10710
1337 -1916 7841 41 74 -49 10741
23551 -70 -9465 19863 12733 29690 10778
1195 -2301 7881 -55 26 -5 10820
986 -2198 8397 -12 -33 -27 10854
1147 -2150 8107 -2 -15 -22 10890
1272 -1985 7758 -45 12 -52 10924
1388 -2108 8103 48 -8 -34 10960
1107 -2059 8103 -14 -10 -44 10994
1267 -1898 8095 -40 32 12 11031
959 -1988 8119 -14 -9 -21 11066
1141 -2186 8104 9 31 -49 11099
893 -2100 8433 24 -21 -16 11132
1307 -2169 8094 -29 18 -40 11168
1421 -1928 8004 21 60 -60 11207
1236 -1792 8042 20 -28 -15 11236
1097 -1810 7883 -38 -23 -34 11272
1105 -1964 8140 -19 -29 -24 11309
1147 -2148 9240 42 20 -30 11345
993 -2081 9125 -76 -27 -21 11378
1014 -1905 8014 -40 3 -47 11416
934 -1759 7645 0 4 -69 11448
1397 -2026 7803 34 44 -72 11479
1406 -1901 8116 23 11 2 11515
1301 -2155 8509 -38 11 -7 11546
1165 -2026 8093 -62 0 -17 11580
960 -1878 7631 -34 25 -57 11619
965 -1773 8091 57 22 -59 11649
32639 32639 32639 27263 32639 32639 11686
1382 -2372 8908 -38 -30 -49 11734
30990 27263 32639 -10406 -6666 -8138 11764
1034 -1716 7464 187 150 -29 11812
939 -1664 7831 234 44 -25 11845
887 -1656 8070 135 -22 10 11879
874 -1592 7502 -70 121 53 11915
482 -1370 7207 12 167 9 11949
523 -1245 7340 136 72 -13 11982
356 -1077 7589 198 13 0 12014
-104 -1183 8415 104 -73 23 12047
927 -1668 10493 0 -35 -190 12088
1642 -1687 9347 -246 101 -191 12118
1388 -1161 8331 -246 146 -56 12158
1075 -1299 7907 40 64 0 12195
860 -1332 7725 109 -58 86 12226
-36 -1683 6984 47 143 72 12265
-149 -1441 7455 92 339 105 12294
158 -1486 7172 -52 17 212 12331
4 -1557 7512 -128 -34 49 12363
-610 -1260 8276 -193 -125 -39 12396
-1345 -1072 10442 28 -280 -70 12436
683 -2308 9257 -84 -127 -216 12475
1258 -1378 7960 -256 96 -141 12513
764 -1123 7582 -37 59 94 12550
467 -1563 7163 17 -51 133 12581
174 -2000 7028 -19 -76 -58 12617
401 -2315 7170 -204 -185 -98 12652
467 -2555 8407 -171 -155 -124 12690
276 -2167 8767 13 51 -47 12733
417 -2119 8650 4 34 -59 12761
1504 -2805 8617 -20 -40 -57 12799
949 -2090 8227 -98 -74 -23 12829
881 -2025 7699 -60 -8 8 12866
651 -2276 7484 -12 -2 20 12898
527 -2499 7405 21 -9 -38 12930
391 -2478 7687 48 63 -89 12963
606 -2381 7729 -29 -19 -50 12998
661 -2378 7800 -34 4 -41 13032
1006 -2403 8338 -2 -49 -20 13067
1115 -2487 7839 -33 -45 -42 13101
1391 -2253 7824 -46 -3 -7 13139
938 -2543 7575 23 49 -3 13171
756 -2835 7528 11 49 2 13205
427 -2668 7633 15 92 -51 13235
326 -2505 7638 26 132 -71 13268
816 -2712 8221 27 41 -65 13308
467 -2285 8219 33 -2 -83 13335
601 -2036 8024 -29 -3 -76 13369
947 -2387 8392 25 64 -39 13405
816 -2230 8248 -3 2 -24 13436
1066 -2475 8511 -4 51 -40 13468
762 -2284 8230 -80 40 -6 13505
681 -2482 7919 -60 109 -21 13540
366 -2476 7911 -40 81 -5 13574
34 -2560 7850 -28 53 20 13604
229 -2632 7908 5 -14 -9 13637
223 -2508 7543 -36 -48 -27 13669
309 -2523 7654 -10 76 -9 13707
132 -2444 7786 -1 6 -2 13738
137 -2287 7345 -13 -12 -16 13769
248 -2927 8163 47 70 -19 13806
401 -2981 8717 15 -117 -111 13844
639 -2923 8226 -79 -91 -83 13874
893 -2426 7484 -22 12 -56 13912
937 -2665 7494 123 -8 -32 13944
789 -2587 7649 119 -147 -25 13978
831 -2282 7623 33 45 28 14016
819 -2271 7843 -6 67 41 14047
310 -2413 7948 -47 22 51 14082
519 -2458 8193 -112 37 14 14112
426 -2605 8582 -29 -27 -29 14146
590 -2705 8021 -29 -29 -68 14183
715 -2405 7745 -17 -16 -33 14223
786 -2658 7700 27 5 -51 14253
747 -2834 8129 108 -11 -23 14285
581 -2431 7742 -27 -48 -74 14322
813 -2410 7612 -58 34 -10 14358
715 -2742 7749 64 86 -29 14394
672 -2703 7958 71 -3 -71 14424
753 -2378 7817 22 53 -31 14458
837 -2414 7552 11 8 -46 14490
670 -2375 7536 46 20 -35 14522
657 -2340 7825 178 43 14 14557
639 -2614 7799 95 -39 -26 14588
618 -2469 8353 64 9 -45 14623
677 -2345 7959 -49 -20 -27 14657
698 -2329 7949 -9 20 -8 14691
809 -2557 7628 134 57 37 14723
562 -2132 7540 221 20 148 14764
919 -1288 7923 113 -58 67 14790
746 -1847 8003 -26 -18 -18 14827
784 -2070 8425 -50 -64 -40 14860
958 -1936 7751 -20 46 -28 14902
813 -2234 8534 -18 82 5 14929
755 -2462 8852 -41 -45 -9 14962
350 -2302 8211 -39 -15 -26 14998
730 -2318 8046 -6 -110 -65 15032
735 -2030 7409 8 22 -7 15069
743 -1955 7252 -38 2 -16 15098
841 -2012 7550 34 105 25 15132
696 -2645 8383 -4 -7 -16 15167
692 -2875 8816 -42 -25 -37 15198
1139 -2961 8190 -68 -32 -53 15236
1175 -2798 8235 11 -64 -77 15270
1326 -2607 7834 29 -87 -50 15306
1665 -2528 7780 43 -51 -43 15340
1573 -1891 7798 37 -44 23 15377
991 -2305 7821 131 108 34 15416
663 -2455 7706 276 285 140 15449
511 -2212 8530 349 231 165 15479
890 -1604 8768 171 -194 24 15517
778 -873 7508 -135 -243 10 15553
931 -635 7039 -199 -51 15 15586
1669 -1549 8619 18 39 2 15622
1295 -1669 8808 -25 -15 20 15652
1253 -1674 8515 -51 -100 21 15688
581 -1600 7885 107 76 41 15726
530 -1674 7278 241 122 73 15758
722 -1671 8306 189 13 96 15794
594 -1216 8808 148 -63 155 15825
1246 -840 8662 13 31 38 15862
1092 -863 8568 101 95 51 15893
1123 -835 7602 6 -74 33 15926
1458 -1175 8038 -89 48 21 15961
996 -1155 7790 -95 28 8 15996
895 -1120 7694 -71 133 -32 16025
805 -1330 7838 -60 110 0 16062
722 -1178 8291 -56 161 -78 16094
839 -1088 8537 -204 249 -42 16131
373 -1377 8359 -218 229 -51 16165
421 -1407 8549 -27 -6 -51 16203
334 -1762 8233 30 26 2 16236
59 -1170 8306 -19 7 -26 16269
-186 -1491 8030 -18 11 25 16300
84 -1669 7915 -26 36 8 16340
-55 -1497 8134 48 -23 -47 16363
83 -1715 8471 -19 83 -31 16401
23 -1956 8700 68 -28 8 16433
383 -1981 8267 -128 1 -43 16464
218 -1382 7834 -36 -14 -38 16503
260 -1692 7903 78 80 67 16533
79 -1705 8438 85 -47 -3 16568
-121 -1302 8186 -88 -61 -30 16599
306 -1688 7278 -104 68 1 16636
204 -1758 6954 65 22 17 16667
203 -1868 7379 126 42 17 16700
39 -1786 8954 63 -109 -40 16736
296 -1765 8363 -112 2 -95 16768
223 -1576 8299 -52 -22 -77 16801
435 -1940 8260 58 -43 21 16845
284 -1413 8211 1 -65 -14 16870
156 -1513 7761 -30 -40 18 16906
370 -1350 7060 -109 41 -32 16938
495 -1373 7213 4 77 -25 16975
209 -1624 7967 58 43 11 17006
-493 -1410 9067 -48 9 -15 17042
-145 -1640 8380 -111 -25 -40 17074
80 -1796 8080 -72 58 -31 17111
-2 -1876 8554 22 -35 6 17144
100 -2071 8329 0 -40 7 17174
138 -1953 8238 -44 -111 -11 17205
-18 -1758 7511 -65 73 -48 17244
135 -1870 7273 79 10 -30 17280
163 -1559 8002 68 -5 -11 17309
177 -1861 8180 19 -12 -5 17344
401 -1967 7788 -66 -18 49 17377
183 -2232 8677 95 30 13 17412
335 -2111 8515 -59 -52 -40 17442
456 -1803 8390 -158 44 -63 17477
361 -1573 6898 -44 -19 9 17515
390 -1902 7196 -59 38 -19 17546
99 -1802 7973 96 -67 -20 17586
-90 -1875 8277 -31 -100 -25 17614
24 -1978 8457 -48 -66 -43 17653
353 -1804 7579 -63 -33 -78 17685
218 -1844 7807 14 -34 -8 17722
-68 -1925 8309 3 -51 -9 17754
244 -2101 8481 8 -75 -51 17786
609 -1809 7758 -122 -34 -55 17820
659 -2010 7800 -104 -4 -91 17855
469 -2159 8925 30 -117 11 17893
596 -2027 7774 -123 -120 -33 17926
925 -1671 6444 -148 6 -52 17964
656 -2214 7454 -51 -103 -98 17998
450 -2560 8333 -27 -154 -35 18033
883 -2719 8917 38 4 -17 18072
1099 -2608 8926 -62 0 -12 18106
1229 -2862 8468 -12 15 -32 18138
1234 -2701 8612 39 7 11 18171
1159 -2419 8537 -57 -94 -14 18203
1020 -2124 7215 -98 20 25 18241
997 -2047 7012 -58 7 -2 18274
685 -2313 7850 14 -47 6 18309
711 -2729 8160 22 0 -46 18338
878 -2401 8350 -21 31 -33 18371
881 -2395 8005 -70 104 4 18407
909 -2609 7724 -50 27 2 18443
923 -2656 7689 24 -34 -20 18470
884 -2788 7984 26 -50 -4 18507
1031 -2617 7721 -1 -24 -25 18538
918 -2429 7728 6 -34 -12 18576
883 -2597 7367 -57 -36 -2 18607
1179 -2516 7667 15 -72 -61 18648
1058 -2452 8313 100 6 -9 18677
1169 -2695 8707 15 50 4 18711
1303 -2174 7942 -91 64 23 18743
1186 -2420 7290 -77 17 7 18779
932 -2713 7247 39 -26 1 18810
817 -2922 7763 81 -55 -25 18845
1031 -2548 7739 -44 1 -5 18881
1092 -2687 7770 -56 3 -33 18910
923 -2693 8070 43 -12 6 18946
985 -2844 8477 49 3 -10 18977
1280 -2787 8427 -16 -11 -27 19009
1175 -2301 7798 -33 0 -9 19047
1179 -2501 7907 44 25 -6 19079
1140 -2543 7918 -19 -39 31 19115
1133 -2616 7538 -33 -20 -29 19147
1186 -2726 7808 66 43 -26 19193
967 -2670 8269 43 -14 -8 19217
984 -2721 8501 -64 54 18 19253
948 -2610 8330 -85 21 -5 19285
689 -2088 8296 16 1 12 19317
687 -2708 8425 16 -27 2 19349
1328 -2610 8081 -60 -32 -10 19383
1431 -2626 7719 -106 -23 49 19418
889 -2937 7257 -4 25 -10 19456
813 -2912 7520 84 4 -50 19487
759 -2958 8583 51 -19 -13 19521
961 -2767 8683 -21 46 4 19554
910 -2213 8218 -49 17 -18 19586
1115 -1975 7329 -48 46 8 19622
1025 -2161 6947 8 -15 -7 19653
861 -2363 7213 72 -70 -45 19687
853 -2623 7729 7 -4 -27 19721
698 -2600 7840 -31 -9 -16 19754
622 -2661 8151 11 -9 -1 19789
804 -2714 8278 21 17 -4 19820
1219 -2483 7967 17 46 -4 19852
1234 -2361 7505 -30 0 -19 19886
994 -2154 7086 -26 -35 -10 19921
841 -2435 7224 -3 -56 -24 19955
713 -2440 8115 16 -97 -5 19991
749 -2462 8898 51 3 -18 20023
767 -2549 9204 -6 51 -24 20055
1078 -2216 8328 -58 106 -22 20090
1701 -2634 7287 -141 1 -69 20124
1339 -2623 7293 62 48 43 20162
750 -2903 7853 148 -50 51 20193
860 -2731 8629 6 -26 31 20233
783 -2635 8146 -197 -23 5 20259
553 -2696 7866 -20 -35 -43 20296
814 -2414 7892 37 1 -20 20329
1110 -2669 7730 25 -15 -50 20362
1272 -2252 7696 26 26 -1 20399
936 -2363 7866 53 -1 -1 20431
1017 -2749 8049 -16 -16 -10 20462
1016 -2246 7844 -3 2 10 20500
1004 -2313 7511 -52 -36 -11 20531
1341 -2314 6882 8 13 -45 20575
848 -2031 7078 77 -33 -28 20599
861 -2699 8275 48 -15 -3 20637
1281 -2700 8231 -27 -3 -24 20668
1180 -2566 8287 -12 14 -27 20707
983 -2794 8549 7 49 -44 20739
1021 -2604 8428 16 -27 -15 20777
1186 -2532 8627 -30 -25 -15 20807
1234 -2569 8053 -39 27 -7 20845
1267 -2500 8303 31 55 2 20878
1134 -2438 8123 -30 -2 13 20910
1084 -2463 7667 -44 50 -3 20953
976 -2435 7715 -7 20 -10 20977
633 -2688 8246 8 -10 -13 21013
944 -2709 8299 -28 -17 -5 21049
901 -2453 8340 25 3 -7 21080
1159 -2965 8160 -4 -6 -50 21112
1366 -2606 7992 14 -21 -19 21145
1553 -2707 7547 -34 -30 4 21182
1314 -2469 7347 16 10 -7 21215
978 -2238 7224 59 -24 1 21248
1075 -2498 7256 1 -10 -29 21281
1220 -2217 7501 -8 -29 -14 21318
1014 -2251 8023 67 8 15 21352
1426 -2244 8057 17 50 -11 21382
1222 -1817 7847 -15 1 -20 21417
1259 -2271 7842 -25 -18 -8 21452
1078 -2258 7956 17 -19 -17 21486
903 -2438 8764 -16 -27 26 21523
980 -2634 8651 -78 8 -8 21556
895 -2247 8415 -48 21 16 21590
1435 -2735 8224 -34 28 -48 21622
1606 -2985 8175 -75 15 -14 21656
1058 -2800 7981 -36 -25 26 21693
642 -3097 7928 1 -6 12 21729
688 -2894 8008 61 29 -50 21760
772 -2797 8280 -11 -52 -3 21791
908 -2855 8258 12 -26 -26 21831
1013 -2414 7848 33 -15 -24 21861
1328 -2560 7389 10 18 -28 21896
1364 -2114 6899 -10 -11 -26 21932
1361 -2342 7108 41 -4 4 21968
1331 -2404 7397 78 25 -13 21999
1255 -2353 7813 59 -4 -19 22033
1300 -2271 7781 -35 -15 15 22069
1395 -2303 8066 15 -12 -16 22103
1383 -2211 7789 -49 1 -23 22140
1402 -2285 7562 -27 28 18 22172
1088 -2321 7674 11 -10 6 22208
964 -2625 8080 51 -13 -4 22240
1190 -2469 8324 -23 12 -15 22276
1278 -2487 8300 -48 20 -8 22308
1203 -2331 8109 -11 -18 14 22343
1162 -2339 8296 -26 -54 0 22385
1225 -2248 8032 -45 -20 -10 22412
1270 -2272 7783 -47 -22 1 22451
1298 -2347 8453 14 -49 -7 22486
1217 -2532 9355 39 11 -6 22517
1659 -2789 9713 -39 34 -23 22552
1757 -2855 9034 -192 -3 -16 22588
1493 -2657 7860 -134 -52 12 22625
1305 -2406 6934 -82 -6 19 22659
1197 -2509 6870 26 26 29 22699
1046 -2863 7357 127 3 1 22726
855 -3109 8561 80 -71 15 22759
669 -2903 9280 40 56 9 22794
932 -2684 9110 -35 45 -18 22825
1775 -2514 8040 -56 66 -68 22857
1983 -2357 6951 -20 -48 -19 22898
1638 -2197 6386 33 -41 35 22935
1397 -2100 6586 113 -19 26 22964
1299 -2061 6769 32 -35 33 22999
1168 -2577 8048 -7 -79 0 23042
1114 -2248 8354 45 40 8 23066
821 -2355 8420 21 84 -13 23099
1148 -1969 8044 -62 51 -17 23134
1321 -1955 7624 -19 12 -25 23168
1429 -2539 7733 35 -48 11 23205
1497 -2722 8048 9 -11 16 23237
1156 -2738 8084 -2 29 10 23272
1028 -2959 8406 15 2 -41 23304
1052 -2701 8691 -40 -67 -15 23338
1221 -2695 8723 -35 1 0 23375
1430 -2206 8572 -52 17 -12 23406
1526 -2295 7944 -40 41 -5 23446
1163 -1953 7767 12 7 12 23476
1154 -2851 8169 -4 -17 -21 23510
1066 -2627 7967 -48 22 11 23543
956 -3212 8177 25 5 -31 23579
1098 -2727 8181 -21 -6 -10 23610
1094 -2797 7779 -21 -23 -38 23645
1295 -2081 7193 -25 3 2 23683
1316 -2391 7278 58 -29 -24 23713
1039 -2287 7824 64 -66 0 23751
1106 -2466 8136 4 -20 -13 23782
1141 -2049 7623 -71 -3 -13 23819
1341 -2337 7159 -38 16 -21 23852
1308 -2013 7684 64 -11 10 23889
1280 -2566 8299 47 4 -29 23921
1373 -2342 8041 -69 21 0 23960
1167 -2441 7955 -21 7 15 23989
1112 -2868 8215 32 18 5 24022
1304 -2709 8395 5 -24 -15 24053
1180 -2547 8176 -63 0 -6 24089
1149 -2584 7940 -8 12 2 24122
1011 -2382 8005 16 4 -6 24154
1119 -2510 8041 -25 -8 7 24187
1137 -2607 8145 5 -14 -26 24219
1267 -2416 8119 -21 -7 0 24256
1478 -2700 7762 -36 18 -29 24287
1274 -2349 7637 3 -17 -12 24322
1299 -2788 7877 29 28 -15 24357
1285 -2637 8142 88 11 -1 24391
1227 -2455 8207 -76 -12 4 24426
1257 -2563 7957 -69 2 16 24458
990 -2162 8003 50 -16 -31 24497
1266 -2464 8154 -9 -13 4 24526
1201 -2555 7997 1 11 1 24559
1103 -2274 7895 -7 3 0 24590
1237 -2689 7589 -64 31 -14 24624
1232 -2667 7633 44 0 -26 24657
923 -2371 8351 71 -11 14 24690
1148 -2761 8245 -69 -1 -11 24725
981 -2002 8021 -38 -19 6 24759
1304 -2573 7659 -13 -28 -18 24803
1420 -2444 7385 -25 -12 -17 24826
1334 -2355 7753 55 -5 -3 24866
1261 -2690 8355 41 20 18 24898
1154 -2618 8256 -49 -14 -7 24934
1073 -2422 8556 -58 -29 16 24967
1119 -2518 8198 -22 -1 -18 25004
1278 -2067 7634 -20 27 7 25044
1372 -2311 7532 -3 21 -12 25075
1237 -2562 7601 24 2 -15 25105
1001 -2854 8204 43 -2 -13 25140
1015 -2783 8593 -12 -5 -4 25174
1007 -2591 8353 -70 12 11 25207
1039 -2195 7723 -71 -8 -3 25243
1170 -2285 7354 -14 -38 -6 25276
1000 -2295 7788 88 -39 7 25313
1488 -2653 8071 1 -33 -30 25345
1443 -2514 7614 -52 65 -5 25380
1196 -2509 7314 -7 -47 -8 25413
1280 -2816 7576 33 -42 -12 25450
1260 -2284 8082 19 -27 0 25483
1159 -2165 8221 -35 2 5 25516
1241 -2167 7683 -49 -23 -13 25553
1025 -2050 7632 38 -1 3 25585
1273 -2551 8277 30 -3 -13 25619
1499 -2789 8186 -23 16 -24 25651
1412 -2446 7666 -80 -8 2 25689
1236 -2818 7651 3 35 -13 25720
1243 -2711 8006 83 8 10 25753
1068 -2350 8357 -30 -20 20 25787
1145 -2473 8118 -80 -21 3 25821
865 -2022 7575 -26 -14 -4 25858
1029 -2565 7726 22 -19 -19 25889
1346 -2548 7914 24 -10 -35 25926
1552 -2610 8117 9 -11 -10 25960
1385 -2695 8159 -33 -38 3 25997
1433 -2829 7913 -12 10 -33 26029
1359 -2536 7947 27 -5 12 26065
1241 -2684 8144 28 -27 5 26101
1384 -2426 8017 -33 7 9 26130
1385 -2427 7978 -26 11 -17 26165
1171 -2555 7862 2 24 5 26198
1377 -2513 8026 10 20 -6 26230
1360 -2585 7938 -22 -2 -6 26264
1350 -2510 7786 -31 -14 -1 26297
1377 -2645 7487 -20 -9 18 26334
1366 -2750 7892 82 21 -4 26368
977 -2631 8409 54 -35 15 26400
1339 -2813 8374 -32 12 -13 26435
1264 -2360 7889 -13 29 0 26469
1355 -2503 7756 43 17 -3 26505
1372 -2404 7834 34 -12 -21 26535
1153 -2204 7694 5 -2 17 26570
1330 -2144 7572 -43 6 -4 26604
921 -2288 7557 -41 -41 -2 26642
808 -2060 7913 -19 -38 23 26674
903 -2127 8099 13 33 -16 26704
907 -2185 7944 -49 -4 6 26738
980 -2275 7713 -3 14 -14 26773
1259 -2581 7958 -2 -24 -13 26804
1246 -2628 8131 17 -16 -4 26839
1438 -2764 8118 0 -7 -18 26874
1341 -2765 7841 -24 -7 -3 26912
1260 -2598 7686 4 -23 -6 26941
1290 -2459 7780 0 -29 -18 26974
1430 -2537 7885 9 -2 -14 27011
1234 -2219 8072 11 -16 5 27042
1309 -2378 8086 -27 -15 -13 27075
1271 -2333 7812 -31 -7 -4 27113
1360 -2558 7906 27 -23 -7 27156
1465 -2559 7925 -29 -58 13 27181
1639 -2534 7515 -100 -20 -37 27215
1379 -2423 7565 23 -7 -9 27254
1197 -2912 8270 78 -58 -7 27286
1661 -2729 8715 -37 5 -7 27322
1511 -2551 8148 -82 29 -3 27354
1344 -2452 7690 21 -24 -15 27390
1536 -2440 7481 -11 -51 -36 27424
1651 -2352 7495 24 7 -9 27461
1408 -2539 8304 51 3 -1 27492
1419 -2712 8604 -35 -5 8 27524
1126 -2618 8274 -50 4 13 27559
1363 -2363 8518 -7 8 -8 27590
1783 -2729 8464 -5 10 -25 27623
1860 -2721 8260 -25 33 21 27659
1531 -2714 7999 -21 -3 39 27698
1372 -3000 7924 -15 13 32 27726
1411 -3098 7997 47 25 10 27760
1359 -2906 8318 13 1 3 27793
1379 -2694 7842 -67 12 29 27828
1398 -2307 7353 -28 -5 -14 27859
1125 -2432 7593 43 -35 6 27896
1275 -2399 7899 56 -32 -4 27927
1431 -2600 7681 2 8 -28 27963
1517 -2601 7323 -27 23 -6 27996
1555 -2675 7392 67 -8 -29 28028
1700 -2751 8159 116 20 -22 28064
1682 -2314 8329 -24 -16 17 28099
1725 -2446 7973 -75 -4 35 28135
1317 -2376 7508 -34 6 34 28168
1420 -2658 7497 -7 -16 1 28202
1312 -2396 7644 -29 -43 10 28240
1416 -2281 8091 -44 -25 -5 28270
1287 -2695 8422 -20 8 8 28307
1340 -2659 9217 13 -5 0 28338
1697 -2973 9255 -48 -3 0 28369
1845 -2879 8106 -166 -23 18 28405
1645 -2885 7582 -4 -35 58 28439
1462 -2882 7361 -38 -60 28 28476
1470 -2828 6897 -56 9 11 28509
1365 -2786 7560 47 -73 -25 28545
1343 -3112 8186 79 -5 22 28583
1684 -2666 8355 34 53 -5 28612
1557 -2378 7965 -31 28 -1 28644
1835 -2819 7580 -44 -40 -12 28679
1931 -2530 7264 46 -4 -17 28717
1693 -2485 7583 56 -14 32 28756
1806 -2788 7418 -38 -49 35 28783
1770 -2688 8181 57 22 -30 28821
1634 -2637 8146 17 -2 76 28853
1618 -3020 8242 -4 93 -76 28888
1536 -1423 7020 -67 62 23 28922
1530 -2477 6923 -39 25 -21 28955
1489 -2093 7560 14 -104 2 28992
1308 -3177 10237 115 -11 7 29031
1509 -2617 10180 -84 125 102 29061
1479 -2789 8720 -221 -11 -58 29100
1809 -2436 7463 -70 -39 26 29135
1328 -3003 7578 84 -38 -22 29172
1592 -2208 7404 24 14 -2 29206
1305 -2763 7737 -25 19 13 29245
750 -2846 7774 -19 -43 31 29280
1067 -2956 8592 25 -83 12 29308
1239 -2531 8321 68 104 24 29342
1806 -2183 7293 -90 16 -34 29378
1509 -1797 6552 -22 -15 -7 29412
1363 -2668 7270 93 -96 -39 29449
1287 -2730 7977 72 -120 -11 29483
1874 -2999 8832 -9 3 14 29520
2230 -3179 8380 -148 -18 -14 29552
2411 -3056 7436 -34 22 -30 29590
2210 -2664 7531 108 82 -5 29624
1791 -2820 8148 69 -15 65 29660
1635 -2886 8376 -1 57 16 29694
1486 -2955 8885 3 25 50 29727
1527 -3075 8657 -51 -38 -6 29758
2260 -3031 8661 22 29 -13 29795
2286 -2812 8594 -95 -129 37 29833
2102 -2856 7293 -127 36 21 29866
2022 -3049 7339 66 54 92 29899
1387 -3124 8292 61 -79 6 29934
1615 -2864 8016 3 29 3 29967
1827 -2784 8152 -47 8 3 29998
1829 -2868 8206 39 3 44 30029
2025 -3029 7640 1 -12 -7 30064
2283 -2888 8189 79 50 31 30096
2289 -2774 8015 -18 -106 65 30129
2237 -2831 7411 -65 35 9 30167
2268 -2722 6854 37 29 64 30198
1698 -2814 7550 104 5 11 30234
1767 -2139 7543 -13 45 -24 30265
1680 -2066 7413 -99 -3 48 30300
1561 -2118 8647 -49 -68 69 30336
1769 -2459 8882 -26 17 -9 30375
1539 -2174 9017 -32 14 36 30404
2434 -3722 9385 -130 -41 32 30438
2644 -3350 8470 -160 -19 65 30482
2357 -3639 8010 -41 24 75 30512
1981 -3506 7856 26 47 40 30545
1714 -3461 7689 32 40 -5 30578
1387 -2823 7691 22 32 24 30614
1544 -3172 8300 9 -46 4 30645
1784 -2856 8396 -80 -74 40 30678
1612 -2659 7862 -11 -13 27 30714
2014 -2716 8166 28 -84 -9 30750
2680 -3243 8099 -72 -70 -26 30782
2583 -2708 7803 -3 -51 61 30821
2293 -2840 7370 -42 -69 44 30853
2199 -2777 6906 4 10 48 30895
1702 -2983 6671 -19 -33 101 30920
1811 -3142 6794 149 41 2 30959
2278 -3156 7772 171 18 34 30991
2103 -2792 8175 42 51 -10 31026
1845 -2153 7399 -77 23 76 31061
1952 -2234 7628 -21 -25 20 31093
1684 -2229 8750 82 -16 45 31130
1536 -2451 8414 -45 -17 42 31169
1652 -2007 8077 -123 -69 33 31199
1600 -1989 7202 -80 11 39 31235
1267 -2629 7510 57 0 0 31270
2610 -3202 8201 55 -16 -93 31307
2826 -2905 8275 -31 54 -37 31334
1744 -2680 7800 -82 49 73 31373
1295 -2898 8014 122 -43 36 31412
1269 -2667 8180 -64 -62 53 31440
1549 -2508 7306 -51 1 27 31478
1043 -2098 7321 -1 -66 -12 31509
1438 -2623 7558 24 -66 -30 31547
1278 -2440 7837 31 1 16 31580
1370 -2269 8178 -5 -36 -15 31612
2700 -2949 7338 -27 22 -60 31649
2297 -3012 7692 70 23 81 31685
1864 -3116 8102 151 -52 25 31716
1854 -2685 8414 -69 -69 2 31752
1535 -2326 7261 -81 -2 48 31788
1678 -2630 7685 -33 -42 -6 31821
1817 -2511 8821 36 -15 27 31857
1660 -2355 8935 9 69 22 31890
1534 -2269 8166 -112 29 6 31924
1530 -2456 7852 -60 -3 -6 31961
2032 -3151 8109 44 -41 -8 31991
2182 -3416 8987 53 69 18 32027
1915 -2799 8832 -40 -4 88 32059
1606 -3032 7972 -136 22 34 32096
1431 -2836 7034 -3 23 52 32129
1380 -3014 7292 42 -16 -29 32163
1729 -2885 7584 38 -33 -12 32197
1195 -2496 8276 31 -22 20 32235
1184 -2277 7879 -45 28 31 32267
1202 -1933 7046 -28 -5 6 32303
1051 -2116 7266 66 -51 8 32334
1645 -2440 8505 112 -40 -30 32373
2110 -2739 8649 -22 -22 -9 32404
2105 -2807 8332 -93 -19 16 32441
1812 -2637 7432 -45 -62 34 32481
1623 -2893 7335 -18 21 -12 32508
1863 -2547 7489 43 -4 6 32546
1322 -2480 8151 30 11 24 32577
1505 -2251 7944 -79 53 9 32613
1051 -2086 7830 -53 -9 1 32644
991 -2313 8079 -18 -30 10 32677
1228 -2310 8564 39 2 9 32713
1370 -2664 8668 -1 12 21 32743
1917 -2939 8593 -18 -2 -33 32776
2048 -3181 8289 -24 -90 24 32813
1899 -2893 7433 -64 3 13 32848
1661 -2840 7413 52 52 18 32880
1627 -2867 7793 115 17 28 32913
1752 -2614 7740 -62 13 10 32950
1521 -2331 7662 -104 -19 11 32982
938 -2342 7984 -9 -55 14 33025
993 -2222 8458 62 -14 14 33051
1376 -2278 8818 31 40 -6 33085
1915 -2206 8616 -21 52 12 33120
2410 -3198 8144 -94 -41 33 33154
1837 -2825 7292 -17 -24 40 33189
1654 -2998 7431 36 36 14 33223
1567 -2681 7813 46 30 22 33258
1613 -2749 8220 -53 -8 -4 33294
1308 -2589 8311 -59 -7 19 33327
1000 -2185 8019 -30 12 30 33358
1283 -2367 7596 -13 -16 4 33399
1458 -2575 7828 51 5 -7 33428
1399 -2591 8692 109 -22 -4 33460
1791 -3059 8310 -102 -70 -27 33497
1699 -2507 7147 -128 11 22 33539
1470 -2824 6994 89 5 1 33567
1457 -3077 7813 143 -49 3 33599
1656 -2517 8508 -9 29 17 33635
1301 -2379 8287 -82 5 24 33667
1370 -2234 7574 -65 25 7 33699
1382 -2347 7390 19 -40 16 33735
1910 -2621 7377 21 -40 -4 33767
1987 -2839 7764 3 -30 28 33804
1745 -2740 8006 34 5 16 33836
1515 -2874 7948 -26 -24 4 33867
1655 -2798 7877 -4 7 11 33903
1634 -2713 7808 38 -2 6 33935
1525 -2642 8171 27 -26 10 33966
1608 -2670 8144 2 -31 8 34000
1737 -2449 7932 -41 -27 0 34034
1533 -2648 7577 6 -14 25 34084
1545 -2751 7713 19 -7 3 34109
1389 -2618 7946 7 -15 17 34135
1414 -2555 7961 -29 3 30 34165
1408 -2711 7814 -6 7 10 34204
1127 -2536 7850 2 -9 18 34231
1140 -2616 7926 -29 -27 14 34264
1270 -2440 7792 -36 -24 0 34298
1308 -2574 7674 -10 -37 14 34335
1634 -2821 7866 0 -1 -2 34368
1173 -2834 8342 15 -14 15 34403
1435 -3035 8145 -78 -14 13 34435
1288 -2677 7840 -28 -5 17 34473
1603 -3327 8018 11 9 -9 34504
1503 -2919 7930 -1 12 11 34537
1605 -3149 8125 -8 -13 13 34572
1586 -2950 7936 -12 -19 33 34611
1411 -2901 7656 -36 -28 -3 34640
1342 -2726 7479 -24 31 24 34675
1169 -2785 8173 35 -64 19 34712
1349 -2923 8456 -13 3 4 34744
1417 -2779 8231 -48 8 11 34776
1344 -2409 7916 -37 13 12 34811
1214 -2791 7757 -8 -18 20 34844
1317 -2689 7558 -7 -29 -10 34880
1476 -2709 7609 -15 -14 13 34913
1132 -2697 7875 6 -22 13 34951
1604 -3170 7899 9 -6 -52 34982
1702 -2793 7994 22 23 4 35017
1496 -2833 8103 12 -14 24 35048
1636 -2970 7850 3 3 -15 35082
1416 -2784 7975 3 -33 37 35117
1466 -2850 7853 -24 -22 4 35151
1508 -2707 7579 -17 21 4 35181
1329 -2690 7852 -14 -7 33 35217
1323 -2595 8212 18 -32 -9 35250
0 7581 -859 23803 -3839 21071 35284
1269 -2435 7961 0 13 15 35327
1098 -2445 7807 1 18 25 35353
1462 -2881 7369 -17 -27 13 35392
1610 -3004 7987 88 37 -21 35428
1383 -2748 8280 -20 -57 32 35457
1512 -3028 7732 -91 19 1 35491
1417 -2342 7353 27 21 17 35527
1260 -2814 7826 66 2 -18 35558
1514 -2853 7900 18 -6 7 35592
1199 -2729 8158 -7 -15 0 35626
1341 -2672 8023 7 -19 26 35657
1327 -2865 7657 -14 1 -9 35696
1304 -2494 7501 -38 -27 11 35724
1387 -2416 7787 8 -15 -13 35760
1176 -2641 7744 -3 -22 4 35796
1314 -2538 7944 0 -13 4 35826
1400 -2518 8292 24 16 2 35859
1518 -2758 8007 -31 -21 -8 35894
1435 -2751 7767 -55 9 12 35927
1341 -2908 7812 27 4 4 35959
1363 -2944 7985 4 -11 -4 35993
1468 -2687 7610 -51 -11 12 36025
1511 -2668 7386 -1 11 13 36065
1534 -2712 7849 36 -10 -2 36092
1228 -2650 8093 16 -6 21 36127
1196 -2555 8072 -35 -10 9 36163
937 -2604 8141 -3 -27 10 36198
1123 -2611 8138 -13 -28 14 36228
1730 -2756 7890 -19 -1 -19 36265
1513 -2939 8259 42 -23 13 36301
1554 -2999 8298 -13 -8 -28 36333
1513 -2617 7763 -45 11 12 36370
1504 -2859 7637 -42 -1 -4 36403
1396 -2530 7218 -22 -3 14 36440
1345 -2737 7306 -6 -10 -5 36471
1412 -2783 7894 4 -53 -5 36505
1215 -2730 9075 54 -5 11 36541
1662 -2905 8758 -49 29 3 36573
1706 -2720 7786 -163 -1 1 36606
1485 -2912 7109 37 -3 47 36641
1287 -3241 7705 167 -14 31 36673
1595 -3212 8204 15 -12 27 36711
1757 -2925 7771 -63 33 -7 36748
1723 -2762 7367 -53 16 38 36775
1646 -2955 7339 92 74 -47 36813
1619 -2748 7937 139 -4 43 36847
1387 -2545 8395 0 -6 38 36880
1333 -2596 8017 -70 38 82 36912
1097 -2573 7744 -9 -21 9 36949
924 -2805 7970 38 -20 28 36979
1349 -2523 8096 32 -7 -17 37013
1042 -1979 8014 -42 14 24 37049
1287 -2330 7652 -45 20 5 37083
945 -2221 7950 62 -19 12 37116
1728 -2855 8151 -13 -45 -6 37148
2014 -2554 7824 -41 62 30 37185
1432 -2583 7373 -59 -6 -8 37219
1361 -2792 7221 -23 21 -20 37253
1020 -2873 8914 67 -105 3 37295
1173 -2744 9109 52 65 43 37320
1474 -2607 8219 -104 64 8 37357
808 -1927 7295 -55 38 23 37390
923 -2652 7238 -20 -27 -8 37425
911 -2668 7376 16 -26 -12 37457
863 -2535 8068 -21 -21 -9 37504
1033 -2606 7983 -40 2 -4 37528
1236 -2403 7735 -27 24 -1 37559
1333 -2681 7600 -9 -65 -2 37596
1732 -2874 7651 45 -9 -19 37628
1252 -2836 8069 21 -38 12 37664
1086 -3006 8042 -36 -41 -4 37696
892 -2590 7916 -18 -26 19 37734
1066 -2720 7916 -6 -31 -12 37767
1303 -2537 7870 44 12 -11 37807
1437 -2545 8093 6 -16 0 37835
1352 -2641 8375 21 -13 -8 37868
1436 -2508 8115 -49 -41 16 37904
1424 -2704 7411 -91 20 17 37943
1311 -2570 7300 35 -30 10 37973
1128 -2803 7704 28 -46 1 38007
1601 -2658 7570 -40 20 2 38041
1084 -2537 8243 -19 -59 4 38073
1146 -2708 8394 -9 6 24 38107
1728 -2664 7976 -27 5 -18 38142
1648 -2643 7673 -67 -36 48 38173
1385 -2959 7709 32 11 -2 38211
1313 -2876 7997 36 -20 -1 38242
1506 -3036 8281 -3 27 -8 38278
1397 -2985 8545 -14 -24 8 38311
1498 -2638 8466 -16 15 22 38350
1715 -2784 7506 -105 2 -18 38379
1494 -2504 7211 -31 42 11 38415
1245 -3035 7622 101 0 15 38450
1213 -3059 7866 11 -14 16 38481
1421 -2965 7755 -33 29 18 38516
1251 -2828 8495 -15 -76 -7 38552
1653 -2626 8288 -1 12 12 38586
1585 -2452 6729 -103 111 25 38621
1200 -2058 6560 8 -31 7 38656
546 -2917 7663 70 -227 3 38690
1456 -3116 8389 46 4 -15 38721
813 -2496 8914 45 70 14 38754
1453 -2927 8391 -60 45 -9 38788
2500 -3344 7907 -63 -39 -39 38821
1850 -3095 7555 -3 -78 52 38862
1500 -2940 7741 102 32 9 38891
1440 -2826 8189 -17 -79 45 38927
1404 -2904 7840 -110 56 46 38960
1609 -2706 7977 -39 -45 -10 38998
890 -2842 9066 125 -83 10 39031
1664 -2679 8425 -47 173 23 39068
1471 -1995 7204 -128 88 12 39101
783 -2354 6897 -13 -71 7 39138
1031 -2961 7352 51 -93 -17 39170
1335 -3080 7798 -23 -4 22 39207
1430 -2913 8367 -35 -24 -12 39239
1121 -2834 8589 4 3 36 39278
1685 -2765 8285 4 0 -23 39307
1478 -2234 7492 -88 0 -2 39341
1264 -2484 6691 -45 12 14 39374
1148 -2720 6638 2 -23 -9 39411
871 -3175 7754 27 -168 -9 39440
1037 -3286 8930 44 24 51 39477
1367 -3111 8831 -3 94 -2 39508
2464 -3553 8087 -69 -51 -41 39547
1972 -2621 7342 27 -73 -1 39578
1698 -2981 7298 125 70 45 39618
1457 -2751 7977 198 27 82 39647
995 -2699 7827 -112 53 101 39683
1690 -3265 7521 -92 26 52 39716
919 -2724 7680 6 -44 -6 39753
1341 -2836 7806 61 -18 -43 39783
1401 -2097 8069 46 35 15 39818
1497 -2469 7539 -95 2 9 39857
1002 -2226 7366 -33 -47 26 39884
1207 -3478 8396 98 -100 -46 39921
2236 -3601 9265 -23 -37 9 39961
2465 -3086 9154 -200 -58 -83 39991
2444 -2648 7832 -111 40 -13 40027
1715 -2819 7050 4 -9 36 40065
1467 -2950 7372 146 89 41 40095
999 -2904 8597 81 18 111 40132
1406 -3389 8531 -157 40 75 40163
824 -2193 7760 -143 -14 18 40201
69 -2010 7458 -28 -55 43 40234
881 -2426 7226 65 18 -8 40269
1226 -1910 7381 76 94 23 40300
2173 -3439 7288 -61 -23 -30 40333
1631 -2933 7259 -1 -4 128 40371
1052 -3599 7804 154 -27 16 40405
1131 -2793 7520 -117 -71 23 40440
1696 -3178 6980 -109 -86 -23 40481
1596 -2560 7825 50 -188 -30 40513
1169 -3359 9245 206 25 56 40551
1350 -2911 9570 37 73 46 40584
912 -2158 8717 -148 39 16 40619
1868 -3102 7577 -169 32 -11 40651
1382 -3035 7260 123 -55 -9 40689
1398 -3534 8491 202 -53 8 40723
1987 -2756 8411 -198 -9 -18 40759
1872 -2579 7555 -194 27 23 40794
1487 -2833 6743 -11 35 51 40832
1194 -2885 7105 69 -76 20 40863
1438 -3054 8063 29 -19 50 40899
1184 -2325 7663 -91 69 57 40932
1091 -2190 5991 -184 94 41 40969
858 -2781 6079 -30 -195 -86 41008
-97 -2845 7827 123 -413 18 41037
1794 -3609 9879 227 193 67 41075
2617 -3294 9108 -313 -41 -14 41109
2406 -2948 7677 -168 -149 90 41148
1837 -3559 7242 132 19 91 41186
1595 -3912 7893 258 -68 106 41219
1772 -3537 8562 13 1 -9 41257
1806 -3024 7742 -63 -3 68 41286
1394 -3058 7297 -35 34 -1 41321
1299 -3142 7488 96 80 -44 41357
1655 -2487 7936 108 -31 -2 41390
1974 -2509 7820 -129 -45 14 41427
1936 -2425 7484 -59 -6 114 41463
1325 -2995 7676 -1 -14 111 41497
1508 -3413 8148 38 15 -3 41537
1646 -2916 8025 -39 -64 73 41565
1750 -3420 7778 -52 8 -13 41603
1775 -2967 7588 7 11 41 41635
1356 -3077 7648 13 -32 76 41673
1716 -3159 7989 75 18 23 41702
1908 -2900 8134 -24 -54 64 41735
1708 -2868 7552 -42 -6 46 41781
1625 -2720 7286 -15 3 70 41804
1233 -2856 7558 65 29 41 41837
1367 -3040 7971 53 -55 23 41873
1434 -2814 7913 -26 -38 15 41906
1652 -2852 7900 -7 -20 23 41943
1698 -2785 7767 -17 -56 46 41975
1914 -2957 7884 -12 -26 41 42012
2008 -3107 8125 19 -4 66 42046
1644 -2992 7829 -43 -36 43 42084
1589 -3141 7799 12 48 40 42115
1875 -3294 8184 32 22 22 42150
1720 -2843 8041 -52 -103 20 42181
1634 -2832 7617 -41 10 17 42219
1821 -2716 7559 32 25 59 42252
1742 -3086 8096 56 -31 75 42286
1699 -3125 8009 -87 -22 -2 42321
1912 -2850 7649 -48 -15 28 42354
1718 -3144 7735 -5 -38 71 42391
1928 -3211 7888 16 -14 19 42425
1865 -2993 7510 -70 -175 82 42461
1757 -2949 6846 -4 50 0 42497
1919 -2845 7106 77 37 86 42527
1627 -3075 8038 174 71 -1 42561
1456 -2777 8460 -52 16 10 42600
1966 -2907 8679 -29 20 -10 42629
1860 -2998 8764 -66 -78 45 42667
1641 -2674 7831 -121 -142 10 42700
1893 -2940 7242 -23 -52 69 42739
1877 -2945 7492 33 5 57 42772
1901 -3415 8224 -11 4 55 42807
1868 -3539 8352 -5 56 -7 42839
2322 -3222 8112 -46 -87 41 42871

