1017 270 8605 -26 -12 -6 7
997 142 8344 -6 -3 -12 49
1049 138 8305 4 20 -8 70
1038 228 8380 35 21 -1 100
983 221 8479 32 36 6 121
951 285 8467 3 32 6 144
822 326 8389 -3 17 0 165
844 268 8180 -8 -7 -4 190
927 309 8100 15 8 -6 211
916 263 8124 8 -2 -1 233
980 299 8242 8 0 -6 261
982 360 8333 10 5 -3 288
1067 347 8436 4 -9 -8 313
1087 411 8318 4 31 0 343
955 494 8102 -49 -3 -10 369
984 277 8267 16 -25 -8 400
1086 211 8461 65 33 9 429
965 372 8660 25 25 1 457
969 370 8779 -19 -1 -12 482
919 129 8480 -43 5 -12 517
980 153 8221 -27 -17 -12 547
1090 215 7952 2 -2 -6 572
1168 240 7919 32 10 8 603
1105 321 8073 17 8 13 630
946 337 8232 25 4 6 658
973 358 8382 21 8 -4 685
934 401 8460 12 -4 -9 710
992 428 8139 -55 14 -13 740
1026 338 8011 -57 -34 -22 770
1139 123 8232 45 -24 0 801
1147 183 8534 90 31 20 831
1009 274 8794 -5 14 -3 860
1068 246 8720 -73 -32 -24 889
1194 137 8062 -53 -9 -21 923
1276 277 7792 18 -6 7 954
1202 286 8025 91 -11 18 979
1199 274 8469 79 48 26 1011
1013 488 8505 -79 4 -12 1043
1025 226 8229 -91 -29 -39 1077
1340 71 7926 -27 -7 -26 1105
1358 140 7925 47 10 7 1136
1314 231 8221 45 24 16 1166
1158 309 8405 -6 14 9 1197
1105 207 8569 -20 -9 -12 1225
1141 195 8501 -1 2 -11 1257
1197 195 8361 7 2 -4 1288
1237 190 8334 -23 4 -2 1321
1158 85 8459 -5 -17 -4 1344
1215 24 8609 30 5 1 1376
1173 114 8385 -23 14 -7 1402
1214 151 8203 -53 -20 -20 1435
1286 45 8042 3 -3 4 1467
1261 38 8045 53 15 16 1495
1162 255 8212 33 21 16 1523
1065 239 8459 -14 -9 -3 1554
1143 68 8458 -32 2 -14 1591
1204 8 8438 -19 -22 -23 1613
1304 -102 8292 2 29 -1 1652
1288 -12 8169 -38 -1 -4 1675
1285 -161 8362 37 -10 11 1710
1203 -191 8606 73 33 19 1740
1143 -6 8610 -19 -5 -4 1772
1200 18 8390 -48 -14 -6 1801
1263 -85 8130 -22 -16 -2 1832
1323 -61 7922 25 12 11 1871
1323 76 8158 24 -1 6 1894
1370 72 8450 26 -2 6 1923
1292 164 8510 -2 19 15 1951
1170 148 8510 -11 -6 -6 1981
1285 41 8460 -11 15 -10 2013
1323 -40 8633 1 -8 -6 2043
1270 -30 8560 19 19 16 2073
1193 -68 8307 -34 -2 -4 2103
1328 -22 7856 -48 -3 0 2141
1315 -32 7804 -7 -5 1 2162
1339 -9 7870 72 6 20 2193
1266 48 8294 66 26 19 2222
1175 190 8774 21 2 3 2251
1188 168 8775 -57 2 -5 2279
1224 31 8542 -79 -18 -26 2309
1417 -158 8493 7 -7 -16 2341
1331 -324 8546 41 20 16 2373
1348 -106 8407 -25 3 11 2405
1203 -236 8249 -20 14 15 2432
1180 -147 7935 -12 17 8 2468
1132 -143 7914 39 1 11 2499
1108 -196 8348 73 12 15 2528
1147 -216 8718 28 7 8 2559
1152 -98 8618 -75 -5 -3 2588
1203 -230 8380 -83 -47 -15 2621
1264 -394 8143 44 3 25 2660
1237 -353 8423 76 9 32 2684
1153 -371 8650 5 20 28 2715
1127 -327 8524 -60 -26 3 2745
1209 -507 8257 -24 -9 -2 2777
1311 -466 7912 0 3 5 2808
1384 -400 7855 15 -5 14 2838
1327 -347 8133 47 -9 36 2868
1218 -295 8383 54 14 40 2899
1077 -184 8550 -36 -17 4 2932
1262 -262 8333 -58 -2 1 2964
1285 -360 8171 -20 -25 6 2997
1410 -436 7998 13 12 13 3026
1373 -363 7981 -18 -2 17 3057
1433 -417 8268 32 -12 28 3092
1246 -389 8367 35 10 27 3123
1295 -274 8245 -44 -6 1 3153
1413 -273 8196 -31 -17 4 3188
1414 -366 8313 32 -11 19 3217
1552 -252 8478 15 23 18 3251
1448 -259 8422 -81 -17 5 3280
1449 -384 8315 -19 0 20 3312
1389 -481 8264 36 19 27 3344
1387 -419 8582 24 4 10 3375
1319 -496 8651 -14 24 18 3405
1354 -527 8446 -53 -6 5 3437
1453 -562 8050 -2 17 18 3471
1409 -506 8137 32 -13 22 3499
1443 -508 8634 71 -1 36 3531
1351 -403 8602 7 46 35 3566
1296 -335 8646 -68 -45 -5 3594
1448 -534 8354 -21 14 6 3626
1529 -655 8475 33 -31 5 3659
1626 -723 8520 51 31 32 3689
1511 -588 8410 -42 -9 14 3725
1587 -669 8298 25 2 16 3759
1600 -589 8139 30 21 23 3781
1555 -414 8216 14 -14 18 3814
1591 -427 8628 61 20 30 3848
1481 -347 8792 -15 5 19 3877
1709 -230 8559 -52 -7 0 3908
1724 -426 8430 -10 -8 6 3940
1754 -530 8391 45 30 27 3971
1644 -449 8398 7 22 28 4001
1638 -435 8542 -14 -11 7 4032
1608 -525 8598 16 32 22 4067
1620 -411 8657 10 -1 9 4093
1684 -333 8780 30 34 19 4127
1635 -254 8692 -27 20 35 4157
1587 -166 8503 -19 15 29 4190
1439 -319 8336 -18 31 24 4221
1487 -483 8323 -18 6 9 4259
1542 -545 8214 -15 13 17 4282
1538 -774 8466 24 -12 6 4319
1610 -758 8348 20 34 17 4347
1423 -620 8316 -10 -23 23 4378
1498 -539 8509 62 -40 28 4412
1424 -226 8325 -15 -8 24 4447
1446 -255 8212 -65 -51 7 4476
1765 -149 7973 -21 -12 15 4508
1821 -383 8025 11 -20 6 4542
1822 -355 8162 4 -1 22 4576
1798 -443 8411 14 9 22 4603
1658 -561 8597 6 28 19 4633
1641 -482 8441 -62 19 -7 4664
1668 -516 8276 -29 -4 5 4697
1624 -608 8251 46 7 39 4726
1615 -457 8387 48 19 43 4760
1470 -265 8540 -18 -2 17 4794
1475 -267 8603 -25 -23 8 4818
1560 -420 8418 -15 4 9 4854
1643 -445 8366 -34 -11 -1 4883
1702 -495 8354 -8 2 21 4917
1675 -602 8418 21 9 28 4946
1646 -410 8379 -7 11 18 4976
1615 -386 8394 -25 -9 9 5008
1677 -482 8369 16 18 23 5041
1642 -467 8427 17 6 22 5068
1611 -392 8506 -6 23 20 5102
1534 -426 8432 -42 -7 7 5132
1656 -492 8262 -24 9 11 5162
1652 -496 8209 -2 -1 13 5193
1571 -521 8294 19 2 23 5225
1541 -488 8338 3 2 20 5255
1521 -384 8186 -35 5 13 5284
1553 -534 8408 25 -15 7 5321
1644 -586 8527 40 7 18 5345
1658 -525 8598 -6 -1 12 5376
1726 -435 8366 -39 -10 2 5410
1685 -523 8230 0 -5 17 5440
1719 -372 8282 36 -2 26 5471
1633 -397 8460 32 6 19 5504
1693 -388 8523 -30 3 0 5532
1712 -391 8354 -51 -3 1 5562
1771 -517 8303 12 -6 -1 5593
1723 -543 8390 46 30 20 5624
1632 -292 8488 -5 7 19 5662
1539 -304 8467 -22 5 12 5685
1544 -338 8349 -17 -6 3 5719
1618 -378 8292 7 5 7 5748
1647 -451 8504 32 -6 8 5777
1647 -469 8497 1 21 12 5805
1622 -383 8294 -40 -12 0 5838
1675 -450 8296 19 5 9 5873
1647 -454 8438 27 7 15 5898
1625 -354 8540 -6 3 10 5927
1586 -351 8462 -31 1 6 5958
1632 -421 8361 -21 -5 4 5989
1686 -390 8237 -5 6 6 6020
1647 -446 8386 14 -6 7 6048
1682 -412 8457 7 15 16 6079
1611 -329 8371 -26 -2 5 6110
1655 -348 8365 -21 2 -2 6140
1665 -311 8293 -4 9 9 6171
1685 -296 8356 -4 1 11 6200
1683 -315 8436 -2 0 6 6232
1692 -270 8472 -11 7 5 6259
1629 -337 8533 -13 2 2 6290
1601 -447 8497 -5 9 0 6320
1661 -435 8470 -14 7 -4 6349
1601 -471 8400 -6 1 2 6386
1636 -500 8399 1 -1 -2 6408
1678 -418 8422 2 -6 4 6445
1659 -363 8405 1 8 8 6468
1556 -365 8467 6 -4 7 6497
1607 -371 8415 -4 15 4 6525
1601 -358 8434 -22 -9 -3 6556
1648 -446 8490 -1 0 -2 6589
1650 -535 8428 -8 11 -2 6619
1648 -515 8396 -16 -9 -2 6649
1623 -528 8362 24 5 6 6684
1576 -458 8423 13 8 7 6712
1539 -491 8461 -4 -3 3 6738
1590 -491 8561 21 -1 4 6772
1605 -522 8644 24 -4 3 6799
1599 -504 8457 -28 0 -5 6834
1723 -489 8331 -4 -20 -4 6862
1721 -451 8227 39 10 14 6894
1681 -285 8375 22 -1 7 6932
1700 -288 8443 11 4 5 6953
1640 -315 8516 -9 7 5 6984
1700 -258 8503 -11 5 -6 7014
1772 -340 8437 -2 2 -11 7046
1743 -322 8336 -5 14 5 7076
1676 -279 8285 1 1 2 7106
1679 -364 8377 18 13 -4 7135
1590 -394 8479 3 10 4 7166
1575 -291 8408 -6 6 2 7194
1565 -306 8334 4 -1 -4 7224
1589 -272 8298 -11 -3 -1 7253
1586 -232 8258 1 -3 4 7286
1601 -333 8327 12 -5 -2 7315
1649 -321 8391 -4 7 4 7349
1615 -256 8308 -28 -1 -2 7374
1631 -375 8282 3 -13 -5 7413
1694 -416 8310 19 2 0 7439
1755 -300 8372 -5 -11 -6 7479
1697 -322 8309 -13 3 0 7500
1733 -316 8263 -8 -5 -3 7531
1739 -376 8325 10 4 0 7562
1733 -420 8523 23 -3 -5 7590
1778 -428 8613 4 5 -1 7622
1879 -452 8511 -28 -12 -13 7652
1888 -418 8367 -2 -6 -3 7688
1825 -453 8335 42 8 9 7717
1748 -470 8410 18 17 11 7746
1711 -300 8470 2 -9 -1 7778
1716 -254 8422 2 7 -7 7807
1798 -344 8409 -15 -5 -16 7836
1927 -368 8423 10 0 -7 7870
1893 -308 8385 24 17 11 7901
1828 -255 8535 14 -8 -1 7930
1801 -140 8589 13 13 9 7962
1759 -195 8649 -19 -21 -17 7998
1901 -308 8378 -21 18 -13 8027
2006 -340 8275 -21 -11 -21 8060
2011 -358 8261 41 16 5 8096
1885 -271 8365 29 5 11 8129
1810 -245 8399 8 9 6 8155
1759 -231 8287 -40 18 -1 8181
1915 -143 8155 6 -22 -15 8217
1925 -326 8282 42 10 -3 8248
1971 -258 8507 -2 -18 -13 8279
1941 -207 8508 -3 3 1 8313
1894 -281 8576 4 -5 -5 8339
1950 -271 8691 20 8 -8 8374
1909 -357 8708 -3 5 -17 8399
2028 -300 8451 -12 -1 -10 8434
2056 -261 8146 -10 8 -4 8466
1991 -202 8098 18 1 -10 8498
1813 -218 8204 42 18 13 8533
1861 -77 8382 45 4 6 8557
1843 105 8603 11 3 -5 8587
1805 36 8553 -45 -6 -27 8617
1893 -78 8535 -20 -22 -28 8647
1949 -314 8490 26 9 -16 8683
1967 -187 8344 -16 -8 -10 8713
2002 -26 8138 -13 -10 -6 8746
1921 -25 8134 47 -8 -3 8777
1929 72 8193 28 5 -4 8808
1876 146 8397 7 -31 -25 8836
1973 49 8483 0 -3 -15 8867
2121 24 8522 -16 -14 -28 8896
2196 -56 8474 -2 -3 -21 8930
2231 5 8448 16 6 -15 8959
2181 -34 8408 10 20 -13 8987
2139 -98 8463 -6 -10 -30 9021
2289 -54 8472 44 7 -17 9055
2283 104 8409 16 8 -11 9081
2304 46 8619 10 -23 -34 9111
2428 0 8475 2 13 -16 9143
2385 143 8335 -10 -3 -10 9170
2442 99 8552 35 -14 -11 9203
2610 186 8597 19 -5 -21 9234
2619 222 8735 -29 -16 -31 9266
2692 70 8521 0 -7 -30 9300
2733 -105 8629 44 16 -22 9331
2637 95 8529 29 25 -5 9365
2514 246 8513 17 2 -18 9389
2514 129 8518 21 -1 -27 9419
2547 284 8176 -18 10 -28 9451
2508 278 7950 -12 -15 -26 9483
2509 243 8051 65 3 -28 9518
2568 399 8101 61 24 -22 9544
2471 610 8173 -7 -10 -32 9583
2474 546 8208 -16 -49 -40 9610
2595 568 8338 15 -39 -36 9642
2632 508 8434 16 -18 -39 9677
2650 404 8519 -3 -32 -41 9708
2696 400 8410 -16 -4 -39 9740
2680 515 8028 -24 -2 -39 9771
2766 479 8076 41 -22 -34 9806
2660 496 8095 45 34 -18 9840
2570 640 8279 0 -3 -36 9868
2656 867 8198 -25 1 -45 9897
2583 696 8353 -9 -20 -55 9929
2715 779 8468 9 -18 -44 9962
2603 581 8578 -26 -5 -50 9994
2617 395 8719 -25 -46 -53 10024
2714 368 8596 6 6 -41 10059
2739 579 8425 7 27 -36 10090
2650 567 8626 20 -29 -46 10126
2712 511 8580 40 2 -31 10153
2604 625 8576 9 18 -45 10185
2685 588 8748 -16 -32 -54 10216
2607 529 8496 21 26 -35 10250
2554 600 8448 -8 -6 -47 10285
2548 533 8473 56 13 -48 10315
2401 515 8764 60 3 -38 10347
2510 600 8779 16 4 -55 10378
2426 673 8641 -16 -13 -53 10409
2570 716 8202 -10 2 -52 10445
2435 500 8414 88 -6 -25 10476
2539 821 8358 77 58 -22 10508
2372 865 8654 -22 -22 -59 10543
2360 777 8391 -25 -3 -57 10575
2392 772 8023 -19 15 -54 10608
2493 797 7829 11 6 -47 10646
2275 769 7806 22 22 -39 10673
2188 608 8247 50 -15 -54 10705
2250 846 8669 87 -14 -39 10738
2172 1167 8532 -40 10 -61 10773
2217 1002 8437 -79 -43 -69 10806
2250 716 7877 -20 -10 -63 10844
2281 768 8017 58 -14 -48 10875
2213 881 8402 66 23 -25 10910
2107 1049 8621 -21 -11 -55 10941
2194 1020 8242 -67 -24 -66 10979
2266 890 8010 -13 -10 -60 11012
2326 790 8131 34 6 -51 11045
2216 708 8720 51 3 -33 11079
2209 740 8954 -12 -7 -51 11109
2173 874 8663 -69 -9 -63 11142
2273 823 8327 -49 -9 -66 11181
2377 736 8194 26 11 -53 11209
2387 709 8526 77 13 -36 11240
2265 716 8802 47 36 -29 11273
2191 882 8906 -48 14 -55 11304
2204 745 8488 -40 -11 -66 11351
2174 478 8581 23 -16 -59 11372
2192 450 8793 59 35 -42 11408
2098 463 8869 -18 13 -55 11438
2105 562 8591 -42 8 -52 11471
2041 482 8317 -8 -6 -52 11503
2053 406 8243 84 29 -35 11538
2085 671 8226 49 16 -34 11568
1919 738 8566 25 -27 -38 11600
2075 846 8400 -12 -22 -54 11635
2126 912 8157 -36 -15 -52 11671
2178 780 7946 -7 -32 -51 11708
2247 670 8207 66 -37 -39 11737
2253 686 8580 78 3 -37 11768
2281 749 8956 -4 -28 -65 11800
2261 715 8473 -85 4 -62 11835
2299 680 8092 -71 -22 -62 11866
2341 429 7894 44 -7 -44 11899
2231 452 8186 112 42 -15 11934
2112 715 8472 8 23 -36 11965
2080 841 8360 -59 -10 -54 11997
2025 747 7999 -70 3 -60 12030
2243 595 7735 -5 -17 -62 12065
2219 564 7905 47 2 -29 12096
2102 563 8378 44 9 -31 12128
2112 619 8604 -8 5 -44 12158
1954 413 8778 -28 -13 -50 12190
2043 518 8406 -54 11 -44 12226
2024 138 7965 -26 -11 -45 12264
1985 -121 8143 45 -8 -32 12292
2117 -29 8349 46 0 -23 12325
2026 91 8581 -6 -5 -28 12357
2059 106 8595 -33 -9 -39 12388
2070 -88 8477 -13 16 -32 12423
2019 -101 8541 27 17 -14 12454
1944 -182 8754 31 23 -10 12488
1854 -172 8860 -21 11 -14 12522
2004 24 8578 -54 -4 -17 12555
1976 -435 8275 -43 -15 -23 12586
2050 -464 8025 16 5 -9 12624
1988 -323 8011 1 11 3 12653
1888 -259 8132 7 3 2 12684
1874 -311 8226 34 25 11 12712
1798 -264 8390 9 14 -3 12745
1758 -413 8527 -43 -24 -20 12782
1874 -414 8570 -17 -20 -19 12812
1924 -730 8477 -2 -14 10 12849
2005 -830 8391 6 -11 16 12881
1953 -929 8357 6 -20 16 12912
1944 -885 8274 14 -13 12 12945
1947 -744 8365 43 -8 16 12980
1899 -671 8560 42 -1 19 13011
1900 -536 8532 -2 -15 11 13042
2002 -602 8420 -34 -20 -1 13078
2108 -610 8308 -2 -24 5 13110
2143 -668 8188 26 7 22 13144
2020 -645 8224 20 6 25 13173
1963 -611 8136 -12 -6 17 13207
1894 -854 8260 27 -23 8 13238
1873 -853 8186 44 14 19 13271
1920 -655 8014 -17 -19 16 13312
1911 -564 7836 -6 -22 26 13337
1930 -592 7810 30 -22 22 13376
1974 -550 7975 40 -33 14 13402
2074 -491 8150 -7 -19 17 13438
2057 -552 8235 -3 -28 21 13473
1990 -712 8317 5 -8 13 13506
2032 -787 8483 -4 -14 11 13535
2014 -906 8369 -27 -5 19 13567
1994 -980 8299 -18 -12 26 13601
2024 -1092 8406 45 6 48 13637
1994 -1018 8388 13 8 40 13668
1894 -942 8273 -30 9 33 13700
1997 -951 8166 1 12 35 13734
1949 -934 8032 12 35 50 13764
1811 -880 8219 1 13 49 13796
1964 -932 8774 38 -4 37 13827
1733 -1191 8963 -36 33 38 13864
1846 -1190 8853 -82 -12 27 13894
1895 -1211 8516 -19 29 59 13929
1902 -1689 8499 16 21 62 13965
1819 -1432 8539 -7 16 57 13997
1888 -1565 8479 5 15 56 14032
1930 -1249 8429 12 16 63 14062
1837 -1319 8473 14 11 52 14095
1896 -1267 8515 -27 8 53 14129
1915 -1159 8326 -39 17 65 14164
1912 -1264 8404 -6 7 56 14196
1982 -1310 8830 18 15 60 14228
2021 -1625 9167 -21 3 28 14264
2153 -1693 9322 -14 -17 34 14296
2188 -1821 8899 25 32 49 14332
2190 -1970 8479 -20 4 75 14367
2118 -1652 7928 -48 -15 91 14397
1990 -1776 8013 92 -4 69 14434
2048 -1437 8423 111 6 70 14466
2032 -1283 8596 3 -20 51 14500
2068 -1296 8299 -88 -20 57 14532
2308 -1148 7949 -74 -26 58 14567
2524 -997 7788 67 19 60 14604
2453 -988 8313 81 35 81 14634
2225 -1292 9096 -10 19 54 14669
2316 -1497 9267 -68 -18 26 14701
2402 -1841 8799 -35 39 41 14739
2388 -1699 8275 -70 23 95 14771
2206 -1692 7987 0 -10 98 14805
2050 -1752 8263 113 39 90 14840
1955 -1649 8624 15 -9 51 14873
2089 -1811 8585 -41 -3 40 14912
2232 -1685 8120 -47 13 74 14942
2093 -1444 7790 -3 1 79 14974
1932 -1321 8141 84 11 77 15009
1928 -1153 8505 53 5 79 15040
1970 -1025 8672 -30 -18 64 15074
2138 -1269 8502 -61 -20 50 15110
2200 -1359 8295 -29 -2 56 15143
2219 -1336 8258 -1 0 59 15179
2180 -1468 8386 1 7 71 15211
2178 -1440 8508 -2 2 70 15241
2102 -1490 8468 -10 10 66 15273
2126 -1485 8377 -19 -2 61 15312
2126 -1484 8310 0 9 74 15349
2087 -1430 8292 1 3 75 15372
2110 -1377 8437 -2 6 63 15407
2088 -1408 8474 -29 6 60 15447
2085 -1461 8445 -26 10 65 15468
2000 -1723 8616 13 20 72 15506
1953 -1702 8764 15 11 67 15538
1900 -1640 8712 -9 18 69 15571
1919 -1630 8580 -12 1 63 15606
1893 -1633 8425 3 7 76 15637
1871 -1536 8358 10 4 74 15669
1841 -1469 8443 13 -9 69 15704
1862 -1513 8493 -7 7 67 15734
1923 -1431 8371 -24 1 67 15766
1817 -1554 8278 -20 15 73 15800
1827 -1614 8221 -3 2 73 15836
1891 -1550 8374 11 -3 73 15866
1958 -1591 8710 24 -2 62 15899
1931 -1747 8911 -25 -5 66 15935
1945 -1866 8790 22 17 78 15974
1885 -1887 8782 8 21 75 15998
1930 -1751 8478 -24 -9 62 16034
1945 -1730 8222 -4 -1 76 16067
1874 -1558 8146 26 6 87 16103
1891 -1450 8316 31 -2 75 16133
1809 -1480 8404 11 5 74 16165
1850 -1424 8349 -35 -5 71 16198
1916 -1471 7909 -51 3 66 16235
1956 -1538 7775 -17 9 72 16266
1986 -1610 8338 86 -4 82 16301
1848 -1571 8791 84 22 85 16332
1780 -1404 8933 -67 -16 59 16366
1945 -1554 8494 -52 -22 57 16403
1974 -1683 8223 38 -2 72 16436
1970 -1402 8291 28 15 80 16472
1897 -1457 8533 -23 -4 71 16509
1954 -1456 8541 -10 1 69 16535
1918 -1420 8582 13 10 67 16572
1901 -1410 8478 -31 -1 59 16604
2010 -1483 8153 -20 -1 75 16639
1999 -1452 8104 12 3 77 16672
1933 -1464 8272 28 12 69 16704
1865 -1485 8468 -4 5 72 16740
1846 -1502 8406 -7 5 68 16770
1797 -1546 8269 -19 6 65 16802
1859 -1598 8165 8 -5 61 16837
1890 -1568 8222 25 2 72 16869
1872 -1487 8391 6 -7 76 16900
1911 -1363 8477 5 -4 72 16932
1881 -1320 8602 6 -6 63 16966
1865 -1339 8667 10 3 64 16998
1950 -1399 8728 -15 0 57 17033
2015 -1443 8702 -19 3 63 17062
2011 -1584 8675 0 12 65 17097
2023 -1584 8730 6 12 66 17132
1927 -1566 8671 -1 20 75 17160
1962 -1521 8553 -18 4 61 17195
1957 -1558 8383 -5 16 69 17226
1964 -1539 8482 26 18 68 17260
1916 -1470 8524 6 30 75 17295
1836 -1491 8457 -22 15 70 17326
1823 -1467 8292 1 24 73 17367
1735 -1493 8245 6 17 73 17391
1814 -1470 8247 -7 1 66 17426
1841 -1461 8374 21 6 70 17457
1817 -1436 8617 4 8 70 17493
1831 -1396 8576 -17 2 68 17519
1833 -1356 8324 -34 1 69 17555
1856 -1311 8032 -40 -4 67 17590
1847 -1317 8048 1 -12 68 17624
1884 -1378 8252 23 5 70 17654
1837 -1382 8609 6 -7 65 17686
1857 -1507 8786 -26 -4 58 17719
1881 -1707 8668 -42 -17 52 17756
2016 -1812 8442 -11 6 83 17788
1969 -1849 8440 11 -2 68 17823
1993 -1705 8281 -10 4 71 17855
1981 -1534 8186 -33 -8 67 17889
1783 -1643 8378 50 2 73 17925
1810 -1474 8523 26 30 91 17954
1837 -1333 8528 -42 -13 63 17988
1930 -1409 8101 -60 -2 62 18025
1970 -1442 7805 -45 4 71 18058
1986 -1445 7994 21 12 71 18096
1893 -1508 8474 25 20 79 18124
1843 -1506 8894 -35 2 61 18160
1938 -1657 8626 -63 -1 45 18191
1951 -1807 8247 -53 15 59 18225
1904 -1916 8280 24 5 75 18261
1758 -1893 8688 8 8 74 18292
1749 -1889 8607 -33 -4 69 18323
1754 -1859 8543 -19 -9 60 18359
1786 -2000 8599 7 -1 60 18392
1782 -1981 8631 4 6 78 18424
1955 -1977 8674 10 -7 67 18455
2026 -1969 8704 7 13 73 18490
1995 -1834 8505 -26 -1 66 18521
1991 -1683 8286 1 8 69 18555
1872 -1462 8316 48 6 71 18588
1846 -1259 8460 40 5 63 18618
1821 -1184 8515 -11 -5 62 18655
1812 -1187 8356 -52 0 62 18684
1927 -1431 8172 -21 12 51 18719
1996 -1648 8214 11 27 60 18752
-16462 32639 32639 3079 5881 -14048 18789
1927 -1757 8393 -9 6 59 18832
1863 -1824 8323 -8 -2 56 18863
1766 -1675 8365 43 -5 58 18897
1763 -1669 8571 45 3 56 18929
1760 -1550 8637 -18 -9 59 18967
1808 -1521 8423 -40 -16 51 18996
1936 -1620 8221 -27 -5 52 19031
1884 -1633 8294 40 2 65 19067
1929 -1622 8542 19 7 62 19097
1934 -1525 8604 -24 -9 57 19130
1922 -1613 8425 -8 6 56 19169
1981 -1632 8333 7 9 61 19196
1911 -1552 8450 27 2 64 19227
1822 -1603 8689 22 5 61 19260
1885 -1479 8514 -27 -1 56 19294
1904 -1483 8235 -18 7 56 19326
1886 -1546 8213 16 7 61 19366
1866 -1499 8310 28 2 64 19390
1858 -1397 8446 -8 1 61 19426
1864 -1488 8485 -20 -6 50 19456
1921 -1553 8314 -16 14 54 19490
1929 -1575 8251 7 4 58 19526
1848 -1516 8217 2 8 66 19559
1817 -1400 8183 -14 -5 61 19588
1764 -1400 8433 38 -2 55 19623
1789 -1470 8615 9 7 58 19655
1865 -1448 8694 -31 -21 45 19686
1868 -1737 8589 -11 4 51 19728
1980 -1821 8595 5 4 51 19754
1986 -1701 8584 6 7 63 19786
1877 -1585 8511 -5 -3 63 19818
1850 -1527 8385 -8 -4 58 19852
1804 -1430 8191 -7 2 62 19883
1782 -1488 8204 16 -3 58 19916
1753 -1479 8287 8 4 66 19951
1775 -1546 8268 -40 -9 51 19981
1866 -1620 8032 -34 3 63 20015
1881 -1548 7846 -8 -5 62 20049
1760 -1580 8074 38 6 67 20082
1788 -1602 8513 31 -6 55 20114
1912 -1537 8720 -9 -6 53 20147
1788 -1689 8643 -22 18 69 20181
1931 -1862 8621 -8 -16 48 20215
1905 -1915 8757 24 9 68 20254
1845 -1818 8879 -2 4 66 20281
1865 -1787 8712 -38 6 67 20314
1892 -1738 8390 -12 -1 64 20349
1936 -1757 8319 22 13 68 20381
1957 -1704 8340 3 10 68 20414
2011 -1784 8223 -22 22 72 20448
1977 -1782 8068 -14 21 77 20482
1886 -1834 8117 10 16 71 20515
1833 -1785 8250 -1 14 71 20550
1805 -1753 8383 13 0 67 20582
1847 -1772 8467 -8 2 67 20617
1903 -1710 8431 -14 -8 66 20646
1875 -1697 8448 10 -1 70 20680
1929 -1751 8626 11 -9 67 20714
1981 -1730 8693 -8 -4 65 20749
2055 -1802 8512 -14 -2 65 20789
2139 -1829 8376 -19 -6 63 20813
2284 -1805 8321 8 2 74 20851
2264 -1785 8443 21 -1 69 20880
2222 -1793 8550 -12 -1 70 20915
2271 -1754 8456 -18 4 75 20947
2294 -1797 8358 -4 1 69 20981
2302 -1826 8151 -16 3 71 21015
2323 -1842 8222 13 -10 71 21047
2246 -1928 8411 31 6 74 21081
2311 -1763 8430 -18 -5 64 21115
2166 -1716 8308 -2 4 76 21147
2296 -1612 8327 19 3 67 21180
2346 -1553 8563 14 8 66 21214
2295 -1487 8469 -28 7 71 21244
2213 -1554 8354 -24 6 76 21277
2115 -1680 8454 25 6 63 21316
2061 -1703 8536 3 19 69 21343
2054 -1654 8400 -33 -2 67 21383
2024 -1710 8291 -15 2 72 21407
1939 -1703 8319 12 4 73 21444
1899 -1629 8458 9 -10 69 21475
1949 -1681 8441 2 -1 68 21509
1948 -1612 8286 -36 -3 64 21542
1925 -1734 8199 9 3 65 21574
1881 -1808 8347 19 2 71 21611
1850 -1687 8365 6 7 75 21638
1776 -1633 8370 -14 -11 69 21671
1769 -1697 8512 22 6 77 21704
1651 -1728 8632 10 -1 73 21737
1684 -1777 8563 -27 -9 72 21773
1721 -1917 8337 -19 -6 78 21805
1747 -1932 8163 13 -10 77 21844
1767 -1877 8240 36 -18 75 21874
1826 -1796 8322 -10 -15 77 21910
1857 -1642 8202 0 -17 74 21943
1808 -1635 8101 11 -2 80 21977
1757 -1529 8238 13 -14 80 22011
1773 -1545 8286 -5 -6 77 22044
1831 -1729 8401 -6 -4 75 22079
1891 -1800 8430 -3 2 75 22111
1898 -1846 8337 -27 5 79 22143
1870 -1811 8306 -15 -14 80 22176
1736 -1830 8420 34 -4 89 22213
1766 -1775 8560 6 -12 77 22245
1832 -1850 8603 1 -10 75 22281
1918 -1971 8382 -19 -1 78 22311
1918 -1960 8121 3 0 81 22347
1854 -1955 8186 40 3 86 22380
1865 -1975 8458 32 -2 84 22410
1837 -1789 8563 14 4 91 22442
1765 -1690 8485 -19 -13 85 22474
1741 -1649 8393 13 -2 90 22511
1774 -1597 8418 11 4 94 22544
1870 -1678 8150 -45 14 87 22577
1889 -1806 7981 -31 5 98 22609
1793 -1848 8006 16 7 92 22648
1758 -1837 8316 37 9 91 22676
1683 -1829 8502 -3 -1 88 22708
1747 -1813 8432 -22 -11 87 22740
1788 -1960 8197 -18 3 93 22777
1806 -1922 8157 14 -3 96 22810
1796 -2017 8438 5 4 99 22845
1767 -1966 8474 -10 -2 97 22872
1768 -1999 8264 -15 -12 91 22916
1824 -2070 8293 20 -9 91 22942
1816 -2000 8455 12 -2 99 22978
1775 -1890 8469 -25 -4 120 23010
2044 -1874 8461 -9 -12 102 23048
1968 -1882 8452 6 2 100 23080
1706 -1944 8721 -2 -5 102 23114
1888 -2100 8728 -8 1 94 23147
1832 -1920 8402 -51 16 110 23180
1881 -2176 8174 -1 7 99 23217
1894 -2194 8273 16 0 111 23247
1869 -2252 8770 54 21 103 23282
1659 -2174 8624 -91 7 109 23315
1864 -1902 7769 -55 14 114 23349
1737 -1981 7901 45 -17 100 23386
1906 -1870 8764 36 28 105 23432
1848 -1860 8839 -52 -3 92 23454
1877 -2055 8501 -66 23 105 23488
1822 -2207 8142 7 4 106 23525
1742 -2130 8305 43 21 114 23556
1754 -2049 8728 14 -22 104 23592
1741 -1994 8798 -10 2 125 23625
1579 -1967 8438 -35 -15 90 23662
1904 -2108 8292 -9 -11 102 23700
2017 -1945 8348 22 -11 119 23732
1994 -1888 8783 68 -3 97 23765
1945 -2005 9133 -4 18 99 23801
2002 -1864 8593 -112 -3 87 23832
2122 -1795 7870 -39 3 112 23871
1942 -1861 8279 103 14 109 23902
1925 -1708 9209 70 45 113 23940
1731 -1800 9477 -97 9 83 23978
1811 -2002 8999 -114 19 81 24004
1941 -2179 8165 -44 37 122 24042
1793 -2284 7882 18 36 123 24078
1657 -2147 8267 -8 21 120 24111
1678 -2198 8328 21 14 116 24144
1522 -2115 8590 25 15 92 24180
1547 -2036 8518 -10 3 74 24212
1745 -1934 8193 -28 9 101 24248
1781 -2027 8242 35 12 111 24280
1614 -1967 8495 56 42 125 24314
1417 -1800 8679 -16 22 111 24350
1356 -1798 8360 -63 -4 96 24386
1389 -1913 8156 8 7 104 24418
1391 -1844 8406 53 -25 97 24451
1477 -1812 8730 0 -4 103 24489
1560 -1716 8675 -53 -29 96 24522
1599 -1927 8490 0 -10 100 24555
1610 -1800 8418 8 -2 103 24588
1578 -1737 8299 -33 -3 98 24621
1613 -1809 8044 -24 -2 106 24657
1547 -1861 8043 18 5 110 24690
1503 -1874 8319 10 -13 91 24726
1537 -1987 8590 9 -5 97 24758
1532 -2074 8742 3 -5 106 24792
1561 -2063 8681 -9 -10 102 24825
1603 -2093 8452 -36 1 104 24859
1636 -2043 8266 -5 0 111 24895
1606 -2033 8355 14 0 109 24928
1580 -1903 8359 -3 8 109 24959
1591 -1955 8178 -34 -6 100 24995
1553 -2140 8109 17 29 118 25035
1548 -2118 8220 -4 0 105 25063
1582 -2128 8421 11 9 112 25096
1503 -2229 8618 13 13 118 25129
1541 -2183 8608 -15 3 110 25165
1485 -2156 8514 -16 8 117 25198
1415 -1989 8178 -35 5 125 25234
1436 -1932 8036 -19 10 118 25267
1375 -2020 8136 4 16 121 25305
1354 -2085 8224 -23 10 115 25335
1362 -2278 8167 -36 7 115 25372
1257 -2425 8025 -34 7 133 25405
1187 -2366 7918 -13 -24 129 25442
1165 -2390 8303 -13 -35 122 25483
1145 -2293 8357 6 -23 119 25512
1185 -2323 8413 -8 -9 120 25552
1377 -2388 8372 -14 -6 124 25581
1318 -2258 8213 -18 -7 134 25616
1333 -2219 8115 -8 -7 127 25653
1295 -2160 8301 8 -13 128 25685
1262 -2189 8692 19 -11 114 25722
1327 -2254 8859 -15 -24 106 25755
1321 -2232 8392 -52 -7 127 25793
1283 -2215 7837 -23 -2 135 25832
1145 -2140 7667 -22 3 145 25864
1060 -1992 7804 -10 -16 133 25898
1040 -2042 7903 -23 -9 132 25933
1124 -1991 7884 -43 -16 117 25970
1281 -2286 7934 -28 -10 114 26008
1333 -2512 8193 -8 5 122 26042
1324 -2721 8324 -38 13 128 26075
1207 -2728 8562 -21 4 155 26118
1194 -2981 8555 -38 -7 132 26143
1009 -3040 8630 -2 -22 126 26181
1026 -2979 8613 12 -21 128 26217
1037 -2923 8562 3 -13 129 26251
1169 -2690 8333 -11 -6 140 26287
1213 -2627 8194 -14 -10 138 26320
1195 -2495 8129 -10 -14 135 26358
1258 -2449 8031 -33 9 139 26395
1297 -2464 7937 -36 -8 131 26431
1253 -2588 8047 14 9 137 26463
1221 -2780 8268 1 -1 130 26498
1254 -2826 8288 -20 1 133 26530
1165 -2862 8087 -32 -2 142 26565
1198 -2722 7871 -23 -2 141 26599
1089 -2631 8073 1 -8 139 26640
1052 -2641 8475 18 -18 129 26669
1163 -2758 8773 -36 -5 130 26704
1219 -2943 8588 -54 6 131 26738
1376 -3165 8153 -34 9 141 26774
1392 -3175 8100 -12 4 144 26808
1198 -3085 8351 -13 -24 135 26844
1204 -2964 8422 7 -13 136 26877
1133 -2812 8466 8 -1 128 26914
1198 -2795 8379 9 -6 119 26946
1290 -2771 8398 -2 -2 125 26979
1342 -2694 8490 11 -2 129 27015
1399 -2676 8663 16 7 133 27047
1368 -2533 8439 -38 11 127 27083
1404 -2550 8208 -13 5 119 27116
1365 -2475 8117 20 17 128 27155
1299 -2249 8137 -6 1 111 27185
1249 -2276 8183 8 7 116 27217
1220 -2184 8084 -17 6 121 27252
1172 -2140 8085 -11 -4 106 27284
1194 -2279 8220 3 0 107 27322
1238 -2279 8277 -27 0 109 27352
1260 -2333 8242 -21 -3 109 27386
1335 -2434 8210 -22 -5 106 27423
1295 -2471 8381 14 1 100 27459
1303 -2582 8555 -1 -13 100 27491
1389 -2537 8644 5 -4 101 27526
1303 -2595 8617 -3 -3 99 27560
1302 -2551 8646 27 6 110 27599
1286 -2455 8561 2 2 104 27624
1314 -2393 8330 -19 -11 94 27660
1349 -2349 8172 22 -3 102 27699
1388 -2266 8219 15 -5 99 27728
1396 -2100 8256 -4 -6 89 27760
1411 -2057 8150 -9 -3 88 27794
1466 -1975 8065 1 -7 80 27829
1459 -1926 8096 7 1 84 27860
1442 -1992 8226 0 0 87 27890
1472 -1957 8286 -10 3 88 27922
1453 -2053 8366 -3 -1 85 27960
1425 -2091 8499 17 -6 84 27989
1460 -2056 8607 7 -6 80 28021
1533 -2066 8479 -38 4 73 28054
1614 -2075 8267 -13 -7 81 28089
1622 -2117 8376 38 -5 80 28123
1555 -1986 8592 8 -4 71 28156
1567 -1926 8514 -18 2 68 28187
1573 -1833 8130 -18 6 75 28227
1504 -1789 8077 -2 3 75 28252
1464 -1769 8210 36 0 62 28291
1497 -1698 8345 12 -2 71 28318
1546 -1635 8343 -30 -9 62 28352
1638 -1785 8280 -14 4 62 28388
1610 -1819 8286 9 6 67 28419
1599 -1782 8372 7 -1 62 28450
1591 -1721 8388 -15 -3 64 28485
1537 -1708 8379 -2 -7 64 28517
1532 -1703 8481 24 -3 53 28550
1592 -1680 8593 -10 -3 53 28585
1582 -1621 8415 -22 -1 59 28618
1623 -1591 8182 -5 0 60 28654
1582 -1581 8123 -1 -7 55 28685
1592 -1544 8179 9 -14 47 28718
1664 -1577 8335 6 -8 44 28756
1628 -1539 8384 -11 -6 54 28783
1656 -1496 8294 -7 -6 46 28817
1694 -1483 8368 12 1 41 28853
1679 -1411 8334 -15 1 42 28883
1655 -1418 8316 -3 -2 48 28916
1598 -1376 8390 17 -9 42 28952
1587 -1353 8461 15 -2 38 28983
1612 -1394 8545 -1 -13 26 29017
1676 -1422 8438 -18 2 38 29052
1693 -1439 8360 1 2 36 29083
1697 -1438 8246 -4 9 38 29115
1674 -1400 8326 9 -9 40 29148
1594 -1392 8437 24 3 37 29181
1592 -1295 8454 -2 2 30 29212
1613 -1303 8289 -17 7 32 29244
1583 -1352 8178 39 -6 37 29283
1629 -1210 8358 14 3 35 29310
1622 -1136 8337 -25 -12 23 29342
1707 -1213 8150 -8 5 37 29380
1648 -1169 8183 -9 1 32 29411
1605 -1295 8488 35 -16 19 29443
1659 -1332 8677 -3 20 28 29478
1699 -1301 8598 -42 -12 20 29510
1692 -1444 8324 -14 19 34 29545
1557 -1238 8268 18 -11 36 29588
1572 -1246 8385 36 2 32 29613
1568 -1288 8577 -10 -10 21 29648
1694 -1240 8354 -42 0 23 29681
1668 -1330 8144 -14 2 24 29715
1663 -1347 8280 37 -4 32 29750
1720 -1335 8493 21 -2 25 29781
1744 -1297 8447 -27 5 26 29820
1748 -1316 8212 -17 6 30 29848
1678 -1411 8341 36 0 33 29881
1628 -1358 8540 21 9 33 29916
1662 -1320 8541 -39 -16 22 29946
1760 -1382 8306 -15 -3 28 29981
1779 -1299 8153 11 4 33 30020
1730 -1237 8296 11 -12 26 30049
1779 -1291 8517 27 -8 27 30082
1806 -1207 8485 -30 10 32 30120
1811 -1207 8249 -36 5 22 30149
1751 -1313 8342 16 -2 30 30185
1724 -1392 8490 35 9 30 30216
1733 -1368 8664 19 2 30 30248
1729 -1400 8660 -21 -7 24 30280
1865 -1376 8122 -40 18 29 30317
1773 -1406 7851 10 2 33 30355
1710 -1478 8029 47 -13 37 30379
1697 -1513 8530 22 0 33 30417
1692 -1444 8577 -26 -6 29 30448
1672 -1635 8397 -20 4 36 30484
1654 -1719 8307 8 12 42 30516
1675 -1687 8381 23 -5 36 30548
1721 -1682 8460 -13 -2 47 30583
1781 -1622 8396 -18 -10 40 30615
1807 -1785 8430 -4 -2 39 30653
1873 -1780 8539 23 -5 45 30685
1869 -1742 8686 16 2 46 30717
1881 -1765 8411 -48 9 48 30752
1906 -1769 8049 -33 10 59 30783
1858 -1809 8047 17 9 58 30818
1835 -1943 8633 41 -5 51 30852
1870 -1920 8797 -6 20 53 30886
1913 -1957 8620 -59 7 51 30916
1918 -2082 8276 -3 14 69 30952
1887 -2125 8221 22 4 59 30983
1919 -2091 8282 17 8 68 31014
1935 -2041 8431 10 -6 68 31047
1861 -2122 8563 10 10 69 31083
1846 -2101 8515 -7 3 65 31114
1907 -2207 8461 1 -4 63 31145
1985 -2211 8327 -8 4 79 31180
1995 -2095 8259 -9 -14 79 31211
2046 -2143 8276 10 -13 77 31245
2169 -2182 8542 18 -12 69 31281
2156 -2171 8610 10 13 93 31313
2383 -2149 8439 -29 -5 76 31349
2390 -2163 8250 -32 -3 85 31381
2307 -2206 8291 14 -12 84 31421
2280 -2241 8408 8 -4 87 31450
2339 -2241 8368 -18 -8 85 31481
2370 -2352 8303 -12 -2 92 31518
2327 -2321 8326 11 -3 97 31550
2302 -2345 8456 16 -7 86 31584
2393 -2363 8381 -12 3 93 31624
2386 -2284 8357 8 -5 103 31650
2321 -2277 8494 31 -5 95 31683
2386 -2170 8568 13 -5 86 31719
2456 -2016 8430 -7 1 98 31750
2400 -1888 8328 -3 -6 96 31782
2382 -1902 8436 17 2 83 31817
2443 -1843 8488 -5 1 86 31848
2509 -1769 8470 -23 0 96 31880
2440 -1874 8522 -3 0 91 31915
2421 -1884 8465 -9 7 88 31952
2465 -1854 8312 -22 1 88 31979
2467 -1877 8193 -20 7 93 32011
2348 -1890 8222 7 -3 92 32047
2335 -1912 8348 13 -4 85 32079
2386 -1950 8573 17 -9 80 32111
2370 -1960 8568 -11 15 89 32145
2406 -1923 8374 -19 -1 86 32178
2351 -1963 8412 33 2 87 32213
2321 -1856 8484 15 -1 83 32245
2371 -1739 8382 -9 -6 84 32277
2330 -1611 8242 -4 -9 91 32311
2339 -1436 8325 27 -21 77 32346
2428 -1430 8578 34 -15 63 32379
2553 -1545 8711 -28 -5 75 32414
2518 -1636 8585 -15 7 88 32447
2199 -1767 8403 -23 24 108 32486
1991 -1650 8274 -10 0 101 32516
1746 -1654 8288 25 6 97 32551
1730 -1573 8354 6 -2 84 32582
1752 -1529 8319 -11 -4 73 32615
1801 -1537 8206 -16 2 77 32649
1880 -1500 8137 3 -9 74 32683
1909 -1543 8302 37 -1 77 32714
1897 -1588 8595 30 6 81 32748
1843 -1531 8618 -14 3 82 32782
1833 -1481 8498 -20 0 80 32813
1892 -1467 8355 4 2 78 32846
1887 -1448 8497 15 -2 68 32880
2050 -1308 8596 5 -8 62 32911
2252 -1275 8472 -38 27 91 32943
1775 -1213 8389 -55 28 115 32977
1647 -2017 8973 59 18 61 33020
1753 -1697 8840 -58 15 71 33044
1568 -1615 7850 -99 -11 81 33082
1854 -1982 7692 9 -42 49 33116
1644 -1451 7849 86 -16 85 33151
1669 -1322 8450 88 -28 58 33183
1900 -1335 8515 -18 -5 68 33219
1866 -1388 8329 -20 5 78 33252
1767 -1502 8325 20 14 86 33288
1875 -1383 8428 30 -13 78 33318
1747 -1579 8572 -31 18 91 33352
1667 -1339 8394 -36 -47 75 33389
1798 -1492 8254 38 -5 69 33423
1789 -1339 8522 12 -9 68 33458
1763 -1310 8485 -5 -6 84 33488
1857 -1355 8463 1 -17 75 33522
1879 -1320 8570 20 -1 78 33561
1724 -1213 8604 11 -10 81 33589
1966 -1256 8454 -18 -12 67 33630
1856 -1268 8122 -35 14 91 33659
1736 -1031 7709 -45 8 98 33693
1888 -1068 8071 45 -70 48 33728
1835 -1402 8998 134 -29 49 33761
1962 -1214 8811 -107 35 51 33802
2038 -1389 8146 -160 -7 76 33831
1861 -1430 7616 43 -6 124 33868
1793 -1015 7635 85 15 99 33901
1624 -971 8607 65 -45 49 33937
1764 -963 8632 -36 4 65 33968
1847 -1000 8420 -78 -9 47 33999
2041 -1368 8221 9 31 48 34036
1956 -1333 8328 35 13 69 34084
1882 -1402 8584 6 10 64 34108
1937 -1356 8615 -7 -8 69 34135
1748 -1292 8561 15 11 94 34168
1615 -1185 8569 23 -14 70 34199
1724 -1181 8605 24 -17 46 34235
1785 -1166 8568 -6 2 65 34267
1872 -1103 8343 -20 -15 60 34299
1910 -1099 8156 0 0 62 34336
1894 -1097 8164 20 -1 70 34366
1919 -927 8256 38 -10 66 34399
2009 -896 8469 4 6 55 34434
1992 -877 8468 -36 1 54 34463
1934 -926 8394 -18 10 58 34495
1973 -994 8358 11 11 56 34528
1815 -937 8423 -2 1 65 34562
1781 -966 8408 -11 0 59 34592
1879 -1064 8494 2 -13 48 34627
1864 -1105 8576 15 15 61 34657
1887 -977 8467 -9 5 56 34693
1880 -969 8336 -11 4 53 34721
1898 -927 8222 -18 3 56 34753
1842 -886 8313 17 -9 58 34786
1891 -931 8571 37 7 53 34821
1881 -928 8557 -35 4 43 34849
1934 -944 8256 -51 4 44 34881
1947 -1049 8037 0 8 49 34914
1915 -1055 8253 50 4 53 34946
1805 -1037 8713 36 18 57 34979
1776 -972 8662 -36 5 52 35010
1796 -1080 8512 -22 4 49 35043
1738 -1101 8333 39 12 56 35079
1755 -1063 8460 34 -4 54 35109
1775 -1067 8574 2 0 57 35148
1764 -1037 8535 -14 -1 57 35172
1758 -1035 8258 9 0 49 35211
1868 -944 8180 18 -5 45 35239
1928 -842 8250 19 -8 55 35271
1932 -758 8291 14 -3 53 35304
2036 -741 8282 -19 11 55 35339
2075 -502 8355 -19 -2 49 35369
2107 -536 8433 -13 4 40 35402
2152 -595 8743 -9 5 40 35437
2052 -790 8964 -27 22 43 35467
2165 -929 9070 -36 13 29 35499
2082 -1223 9109 -19 46 47 35532
2015 -1313 9048 -20 34 50 35569
1947 -1350 8788 -24 37 58 35607
1817 -1363 8617 -14 27 59 35640
1736 -1269 8409 12 18 52 35676
1740 -1249 8356 15 19 51 35702
1727 -1210 8330 19 4 42 35738
1809 -1204 8223 25 22 47 35769
1803 -1176 8128 -3 20 45 35802
1821 -1099 7868 6 18 55 35837
1763 -1067 7789 33 19 58 35867
1717 -927 7972 52 7 57 35901
1798 -772 8192 24 14 44 35934
1788 -710 8204 -9 16 49 35965
1527 -731 8239 -3 30 75 35996
1766 -712 8314 13 -13 35 36029
1629 -467 8731 23 46 89 36064
1548 -471 8405 -70 30 58 36094
1761 -340 8274 -134 3 66 36127
1637 -868 8520 47 -11 32 36163
1615 -856 8939 18 40 51 36194
1772 -849 9385 5 -65 3 36228
1889 -1523 9443 -44 65 33 36257
2144 -1335 8989 -72 -46 22 36293
1980 -1556 8447 22 16 53 36327
1595 -1383 8290 -11 -6 58 36363
1625 -974 8161 40 -51 51 36394
1744 -998 8174 69 -12 41 36428
1724 -824 8484 22 -22 38 36463
1917 -871 8307 18 8 26 36495
2061 -903 8216 -15 24 21 36526
2035 -953 8003 0 25 46 36560
1952 -891 8029 19 24 81 36590
1753 -760 8308 30 -15 56 36623
1713 -816 8390 36 21 59 36656
1610 -682 8548 -13 -14 36 36689
1769 -703 8470 -3 -8 32 36722
1672 -844 8525 9 5 51 36761
1890 -933 8575 -5 -31 16 36785
1925 -1028 8565 12 23 52 36819
2024 -868 8084 -65 12 45 36851
1908 -832 8063 -41 -26 41 36885
1878 -840 8032 111 28 79 36921
1726 -558 8321 28 -1 72 36953
1629 -512 8646 -25 -29 19 36984
1765 -689 8327 -23 35 42 37021
1758 -834 8286 -23 0 35 37052
1817 -1008 8300 7 12 33 37085
1815 -1023 8359 -7 10 61 37118
1782 -936 8360 -16 -5 56 37150
1688 -1059 8455 14 3 50 37183
1658 -1020 8593 6 9 54 37217
1667 -1099 8654 4 6 49 37246
1688 -1222 8663 3 3 49 37282
1671 -1269 8624 -4 21 59 37309
1703 -1171 8384 -16 20 63 37342
1708 -1245 8308 15 -3 56 37379
1661 -1261 8419 37 7 68 37413
1659 -1139 8481 17 2 70 37442
1739 -1081 8426 -8 -9 64 37476
1705 -1108 8390 9 4 69 37508
1722 -1072 8337 9 6 69 37538
1801 -1046 8348 3 -3 65 37570
1777 -1043 8294 5 7 72 37602
1727 -985 8268 13 0 68 37640
1735 -920 8310 15 4 71 37666
1697 -813 8341 2 0 69 37696
1619 -851 8358 -8 4 69 37726
1636 -794 8377 -7 4 77 37757
1503 -866 8406 9 13 82 37788
1314 -838 8503 0 21 89 37825
1293 -886 8479 -12 15 80 37850
1260 -751 8387 -30 2 68 37886
1126 -931 8236 -19 5 67 37916
1113 -947 8143 8 13 71 37948
1108 -919 8202 17 12 71 37980
1104 -809 8312 1 -11 70 38014
1151 -744 8347 -5 -6 74 38044
1120 -772 8412 -7 2 78 38076
1106 -820 8447 -4 -3 72 38108
1129 -875 8462 -8 11 66 38142
1132 -950 8378 -33 -5 67 38172
1143 -969 8278 -21 0 76 38205
1099 -1072 8311 10 9 85 38243
983 -1009 8429 -16 5 74 38270
1009 -1009 8233 -15 1 76 38302
1003 -1130 8151 1 -10 77 38341
994 -1149 8218 15 -5 79 38368
1043 -1150 8415 17 -6 75 38403
1122 -1086 8468 -12 -11 73 38434
1202 -1110 8356 -18 -8 76 38471
1178 -1153 8305 11 1 86 38504
1160 -1143 8397 24 3 84 38536
1104 -1088 8508 -11 8 87 38570
1085 -1090 8349 -38 -5 83 38601
1113 -1173 8173 -18 -5 78 38636
1142 -1227 8157 13 5 83 38672
1160 -1173 8186 6 7 89 38703
1115 -1081 8262 1 -7 90 38733
1097 -1102 8404 13 0 86 38768
1129 -1041 8382 1 3 88 38799
1171 -975 8254 -31 6 87 38830
1153 -1004 8207 -17 -6 87 38865
1158 -1023 8325 18 0 91 38898
1119 -1067 8417 -11 0 84 38929
1143 -1084 8312 -51 -6 77 38962
1219 -1252 8226 9 -1 91 38997
1144 -1317 8376 39 8 94 39029
1125 -1266 8531 -17 -3 84 39060
1228 -1414 8376 -35 -13 81 39097
1285 -1545 8327 0 4 98 39130
1185 -1535 8397 16 6 99 39161
1164 -1524 8431 5 -2 89 39193
1192 -1507 8390 -13 4 94 39230
1177 -1456 8230 -14 3 102 39259
1184 -1453 8223 7 -6 102 39295
1181 -1472 8379 26 5 107 39327
1197 -1475 8534 -1 0 105 39360
1197 -1549 8447 -33 3 99 39399
1242 -1600 8285 -21 8 104 39427
1250 -1606 8144 -6 14 112 39460
1187 -1601 8188 18 2 109 39497
1232 -1562 8322 3 -5 111 39529
1197 -1458 8474 10 1 115 39562
1172 -1465 8518 -5 15 113 39597
1217 -1383 8406 -29 4 106 39635
1191 -1426 8225 -22 23 113 39664
1252 -1404 8149 -28 2 111 39699
1264 -1485 8237 -10 6 106 39735
1253 -1483 8343 -25 14 112 39768
1275 -1499 8393 -12 8 109 39805
1232 -1574 8462 -7 18 112 39837
1237 -1676 8542 -18 3 109 39873
1230 -1782 8455 -22 19 113 39906
1232 -1819 8318 -31 2 112 39947
1243 -1854 8241 -23 0 111 39975
1260 -1829 8283 2 9 113 40011
1233 -1801 8369 -15 5 115 40042
1242 -1777 8545 15 -17 106 40077
1307 -1840 8610 -2 24 116 40114
1333 -1815 8637 -38 -23 100 40146
1433 -2100 8569 10 11 110 40184
1392 -2094 8648 -20 -4 104 40217
1497 -1951 8057 -27 4 114 40254
1440 -1984 7915 9 2 121 40287
1469 -1689 8124 49 -10 121 40324
1463 -1617 8418 30 -20 103 40354
1514 -1646 8707 -8 -12 106 40391
1568 -1713 8787 -23 9 118 40425
1372 -1920 8352 -52 41 146 40465
1360 -1847 8135 -62 -5 138 40495
1359 -1956 8136 32 6 129 40531
1312 -2200 8292 -9 -40 99 40563
1422 -1882 8099 -8 -11 123 40600
1371 -1689 8290 61 -36 99 40633
1253 -1799 8815 37 22 129 40669
1575 -1529 9039 -12 -14 112 40701
1646 -1896 8903 -30 28 125 40740
1728 -1938 8628 -44 1 122 40773
1502 -1948 8326 -33 24 124 40809
1456 -1861 8097 -32 -4 113 40843
1459 -1751 8028 17 -4 115 40881
1469 -1665 8249 49 -7 95 40912
1579 -1614 8510 35 13 99 40947
1622 -1594 8593 -9 3 101 40979
1727 -1527 8311 -30 24 108 41019
1747 -1586 8117 -33 11 113 41048
1780 -1614 8017 -13 10 113 41083
1729 -1614 8191 14 0 106 41125
1700 -1553 8344 25 -10 101 41151
1719 -1463 8572 24 6 94 41189
1613 -1361 8646 -8 7 91 41220
1600 -1347 8528 -22 -2 91 41251
1632 -1259 8298 -16 -5 106 41288
1533 -1230 8363 17 6 108 41321
1599 -1218 8402 -20 -9 83 41357
1707 -1311 8367 -41 -5 78 41389
1832 -1377 8185 -10 -5 85 41425
1838 -1357 8325 14 -8 88 41457
1768 -1348 8470 12 1 89 41491
1705 -1342 8525 -16 -3 79 41529
1748 -1362 8358 -40 2 83 41557
1732 -1385 8211 -22 -3 84 41590
1698 -1418 8299 22 2 86 41626
1662 -1440 8499 19 -3 86 41658
1724 -1395 8434 -35 -5 71 41697
1738 -1440 8225 -23 0 73 41724
1723 -1478 8153 12 10 81 41758
1687 -1270 8334 20 -1 86 41794
1636 -1227 8455 -8 0 81 41825
1726 -1135 8460 -32 -14 71 41856
1795 -1255 8449 -2 6 75 41894
1754 -1331 8440 -11 16 73 41925
1774 -1370 8349 -20 12 74 41959
1686 -1490 8348 -11 12 81 41995
1643 -1440 8426 11 6 75 42027
1565 -1473 8654 6 4 72 42065
1619 -1427 8700 -4 2 75 42092
1605 -1444 8569 -15 9 78 42123
1538 -1460 8373 -36 18 76 42157
1563 -1476 8175 5 9 75 42192
1521 -1504 8278 17 11 77 42222
1516 -1449 8453 16 -8 76 42255
1579 -1439 8551 0 4 73 42291
1540 -1397 8454 -9 7 72 42320
1515 -1444 8351 -6 17 71 42352
1450 -1518 8250 -3 21 86 42385
1345 -1410 8109 -8 8 87 42423
1478 -1338 8307 26 -20 74 42451
1496 -1315 8635 19 -14 66 42485
1535 -1393 8802 -22 -1 60 42521
1623 -1477 8639 -34 5 67 42554
1534 -1650 8506 31 32 87 42593
1416 -1511 8608 15 6 78 42620
1364 -1526 8640 6 1 73 42652
1379 -1433 8480 -22 -3 74 42684
1462 -1324 8096 -4 2 74 42720
1428 -1214 8051 21 3 64 42750
1427 -1192 8240 34 -11 63 42782
1507 -1122 8397 -11 -3 65 42819
1532 -1155 8351 -26 1 66 42851
1531 -1133 8088 -9 14 75 42887
1453 -1117 7916 -26 17 69 42917
1436 -1203 7895 -15 -16 57 42957
1459 -1291 8132 51 -5 74 42987
1351 -1293 8634 55 -2 79 43021
1277 -1192 8892 -42 -9 50 43056
1378 -1280 8552 -76 -11 49 43088
1498 -1421 8177 0 -5 70 43129
1486 -1479 8298 61 0 68 43156
1436 -1443 8614 24 -6 73 43188
1469 -1342 8562 -37 -21 57 43224
1501 -1431 8333 -15 -1 62 43256
1521 -1463 8322 29 4 69 43291
1440 -1337 8488 33 7 70 43325
1401 -1231 8409 -32 -5 66 43357
1464 -1247 8214 -38 -8 66 43389
1474 -1398 8138 25 14 73 43426
1477 -1315 8293 25 5 68 43457
1474 -1317 8470 8 3 64 43491
1451 -1375 8293 -36 13 65 43523
1477 -1400 8082 -23 5 63 43555
1423 -1411 8018 20 10 71 43588
1357 -1359 8272 14 -1 73 43624
1392 -1370 8497 9 -20 65 43659
1446 -1358 8507 1 2 70 43688
1452 -1274 8396 -29 -4 61 43726
1476 -1290 8346 8 -3 61 43754
1481 -1287 8462 14 5 73 43786
1443 -1235 8591 -8 -9 69 43818
1539 -1330 8581 -27 -4 59 43853
1649 -1326 8489 -16 10 64 43886
1640 -1354 8569 8 13 58 43922
1629 -1407 8701 5 3 59 43953
1596 -1362 8706 -7 13 68 43984
1548 -1287 8528 -27 13 62 44017
1583 -1302 8285 -17 7 58 44053
1556 -1361 8208 9 19 69 44085
1490 -1402 8533 26 10 63 44120
1538 -1429 8614 -17 22 57 44150
1526 -1514 8302 -31 31 65 44190
1546 -1407 8131 6 18 67 44219
1469 -1452 8161 42 16 67 44252
1495 -1319 8290 4 7 68 44284
1561 -1281 8289 -20 -16 57 44315
1647 -1368 8400 8 8 60 44352
1646 -1360 8559 13 3 58 44383
1623 -1292 8597 -6 10 65 44414
1629 -1264 8387 -38 -5 63 44449
1617 -1236 8155 -42 0 60 44485
1666 -1276 8051 -18 -10 57 44518
1685 -1286 8220 18 -20 58 44551
1679 -1396 8652 -14 -13 56 44586
1746 -1481 8734 -23 -10 46 44620
1746 -1684 8593 -30 8 47 44658
1795 -1729 8446 -19 -3 55 44689
1726 -1758 8396 23 -1 71 44729
1746 -1656 8409 5 -4 71 44757
1755 -1483 8250 -11 -16 58 44792
1725 -1344 8183 9 -8 54 44826
1748 -1481 8404 46 -13 54 44857
1781 -1353 8579 -7 -2 63 44891
1816 -1391 8332 -57 -5 60 44925
1871 -1413 8024 -28 8 70 44958
1844 -1397 7869 -10 26 75 44991
1756 -1330 8118 -13 -9 62 45028
1802 -1350 8424 2 -2 64 45060
1771 -1435 8703 -38 11 64 45094
1797 -1548 8656 -32 -4 50 45126
1936 -1687 8437 -44 22 58 45164
1848 -1697 8297 -43 3 69 45195
1776 -1770 8285 5 5 69 45229
1683 -1854 8534 6 -1 68 45265
1649 -1713 8508 -24 -13 57 45293
1693 -1720 8466 11 -8 53 45327
1738 -1762 8553 19 2 61 45363
1793 -1731 8573 -7 -3 60 45393
1798 -1881 8604 -7 0 65 45427
1864 -1908 8619 17 8 63 45458
1786 -1780 8533 -1 12 63 45493
1772 -1722 8354 -13 -1 58 45523
1794 -1600 8203 -1 1 69 45559
1691 -1481 8285 22 -6 68 45592
1697 -1504 8448 11 -5 63 45624
1727 -1376 8454 -26 0 66 45657
1752 -1451 8290 -48 5 66 45692
1779 -1686 8206 -28 11 61 45723
1852 -1853 8296 -13 6 65 45764
1824 -2008 8407 7 8 69 45796
1806 -2015 8568 5 6 66 45822
1748 -1948 8508 -9 4 66 45853
1744 -1893 8420 -9 -9 59 45886
1741 -1862 8398 24 2 70 45922
1689 -1769 8470 17 -14 70 45951
1708 -1775 8530 10 -9 71 45985
1766 -1726 8471 -16 -3 67 46021
1849 -1680 8280 -22 -2 58 46054
1833 -1702 8236 20 1 68 46090
1841 -1646 8332 9 2 71 46120
1828 -1522 8385 -6 0 62 46151
1832 -1573 8448 1 0 60 46184
1857 -1654 8572 14 5 66 46215
1825 -1629 8549 -23 3 62 46248
1852 -1746 8457 -6 2 63 46280
1845 -1754 8482 14 3 64 46318
1862 -1771 8470 -2 6 58 46343
1919 -1649 8348 4 -4 61 46378
1939 -1618 8379 24 3 66 46409
1910 -1562 8495 17 5 59 46442
1911 -1509 8431 -12 6 64 46474
1947 -1501 8199 -19 5 64 46509
1966 -1521 8270 19 5 63 46543
1906 -1530 8445 14 12 62 46573
1931 -1507 8373 -24 0 56 46610
1972 -1484 8214 -15 6 60 46639
1934 -1407 8144 2 2 62 46672
1894 -1311 8410 21 -16 48 46706
1974 -1343 8611 1 -1 49 46738
2037 -1361 8618 -17 -6 48 46770
2022 -1473 8517 -6 5 45 46805
2038 -1512 8445 7 13 46 46837
2039 -1417 8372 6 1 52 46874
1997 -1428 8435 10 1 57 46899
1936 -1283 8490 9 -7 52 46935
1947 -1251 8401 -21 -3 45 46964
1998 -1297 8199 -36 -8 38 46998
2050 -1371 8033 5 1 52 47035
1991 -1327 8172 17 3 57 47065
1944 -1355 8240 -17 -12 40 47096
2050 -1515 8184 -13 -7 37 47133
2098 -1532 8161 -3 1 48 47166
2088 -1395 8177 13 -3 51 47199
2012 -1329 8525 28 -11 49 47234
2017 -1367 8830 12 -7 46 47265
2053 -1359 8848 -30 4 39 47299
2142 -1551 8740 -5 3 39 47335
2151 -1584 8704 3 19 48 47365
2135 -1591 8635 -6 6 42 47402
2131 -1538 8610 -2 3 46 47427
2118 -1472 8550 9 10 48 47464
2103 -1402 8368 -26 6 43 47494
2136 -1434 8206 2 -4 42 47526
2124 -1416 8346 37 16 56 47561
2092 -1276 8318 -8 4 49 47593
2093 -1195 8042 -44 14 48 47625
2070 -1424 8043 23 2 46 47661
2051 -1451 8419 56 19 51 47691
1996 -1355 8576 -22 2 41 47732
2029 -1375 8461 -47 4 39 47756
2015 -1463 8296 10 1 49 47793
1944 -1468 8448 51 12 50 47823
1924 -1303 8579 -14 -7 42 47859
1946 -1320 8550 -15 -8 47 47891
1860 -1349 8462 1 6 52 47931
1825 -1304 8458 -7 4 46 47955
1816 -1316 8366 -2 1 40 47990
1927 -1320 8394 -8 -8 44 48021
1958 -1355 8427 1 -15 44 48054
1963 -1395 8526 8 -4 41 48090
1931 -1429 8496 -2 7 46 48119
1903 -1394 8457 -10 -4 39 48152
1888 -1384 8315 -7 -2 45 48188
1910 -1386 8428 32 -10 45 48220
1902 -1367 8505 27 6 48 48253
1885 -1296 8405 -26 -5 40 48288
1821 -1449 8122 -21 22 51 48320
1960 -1391 8123 17 -7 42 48357
1915 -1320 8272 24 6 53 48388
1893 -1305 8522 11 -12 43 48420
1952 -1291 8648 -2 4 49 48465
1924 -1273 8551 -8 17 51 48490
1863 -1306 8389 -23 3 42 48520
1903 -1388 8229 -3 11 50 48555
1854 -1328 8189 -14 9 60 48589
1830 -1403 8232 14 -7 51 48621
1785 -1466 8511 14 -3 42 48655
1814 -1469 8577 10 3 40 48687
1906 -1421 8382 -22 7 45 48718
1927 -1412 8011 -25 6 55 48754
1832 -1407 8095 32 -5 62 48786
1765 -1386 8453 49 -12 58 48819
1779 -1322 8643 -22 -7 47 48855
1821 -1391 8385 -48 -8 43 48888
1889 -1500 8209 25 2 50 48923
1911 -1571 8402 32 7 47 48954
1853 -1460 8457 -14 7 61 48991
1801 -1420 8516 -11 -15 63 49019
1743 -1461 8619 18 6 64 49056
1726 -1439 8584 -15 -11 50 49087
1939 -1569 8425 -2 -11 49 49125
1962 -1707 8341 -5 -1 60 49157
1894 -1697 8248 11 -6 60 49191
1821 -1635 8185 28 -3 63 49223
1881 -1431 8120 20 -16 59 49257
1803 -1278 8260 33 -14 50 49293
1935 -1171 8385 36 -15 51 49325
1919 -1215 8534 -4 1 64 49361
2085 -1059 8537 -16 -4 53 49392
2107 -1222 8425 -14 10 54 49426
2036 -1248 8088 -44 5 69 49462
2002 -1316 7887 -25 1 68 49493
1881 -1414 8083 15 -5 65 49533
1924 -1369 8398 11 -21 53 49560
1903 -1436 8615 9 -2 59 49594
1965 -1474 8623 -10 -7 55 49627
1873 -1607 8365 -26 9 60 49663
1843 -1682 8279 8 -1 63 49694
1819 -1696 8430 39 5 79 49726
1699 -1727 8539 0 -11 72 49765
1713 -1728 8517 -3 -19 58 49792
1719 -1822 8423 13 6 63 49828
1778 -1735 8188 3 6 66 49859
1775 -1692 8216 25 0 76 49890
1811 -1621 8454 61 -5 87 49923
1663 -1510 8659 30 11 95 49955
1692 -1405 8542 -27 -13 67 49990
1823 -1485 8496 -5 -2 72 50024
1798 -1520 8496 18 17 89 50063
1774 -1444 8312 -51 -1 77 50090
1798 -1462 7876 -35 -3 85 50126
1744 -1529 7698 0 16 97 50160
1683 -1456 7912 26 -10 89 50191
1681 -1584 8490 41 14 89 50228
1669 -1519 8694 -18 4 86 50258
1747 -1631 8503 -44 7 76 50297
1751 -1708 8276 -24 3 84 50326
1782 -1719 8250 17 -8 87 50359
1721 -1744 8492 21 -3 95 50392
1697 -1661 8538 -15 -6 90 50427
1660 -1679 8383 -19 -6 86 50459
1717 -1652 8233 4 -3 85 50496
1714 -1673 8275 19 2 93 50526
1750 -1655 8426 -3 -2 94 50558
1869 -1623 8375 -30 -2 89 50597
1849 -1602 8424 -10 4 94 50626
1938 -1586 8485 7 3 90 50664
1756 -1653 8591 3 30 107 50690
1757 -1786 8687 -11 -8 84 50725
1806 -1683 8565 -21 14 96 50758
1762 -1704 8234 -29 -4 88 50794
1808 -1807 8191 18 -3 89 50828
1754 -1774 8277 6 12 111 50859
1744 -1773 8527 18 -35 80 50895
1945 -1889 8713 46 15 79 50928
1764 -1740 8300 -77 5 96 50964
1762 -1575 7746 -24 4 111 50994
1545 -1664 7943 12 17 123 51028
1657 -1521 8522 70 -20 85 51064
1717 -1519 8812 -18 13 87 51098
1889 -1727 8500 -46 9 81 51137
1794 -1901 8218 -22 34 103 51165
1730 -1803 8287 16 6 108 51203
1512 -1727 8581 20 2 99 51233
1568 -1802 8639 7 -7 101 51266
1636 -1567 8612 6 -2 88 51301
1636 -1702 8545 9 -4 93 51332
1753 -1771 8457 -33 -9 79 51363
1967 -1806 8220 -15 8 95 51399
1912 -1743 8281 25 4 105 51431
1835 -1636 8556 17 2 92 51465
1757 -1621 8885 29 -15 79 51496
1894 -1688 8876 -18 37 92 51532
1900 -1560 8341 -115 7 88 51565
1792 -1544 7719 -2 38 111 51602
1611 -1551 8273 72 1 118 51634
1485 -1574 9104 44 35 114 51673
1374 -1585 9332 -70 18 86 51701
1470 -1947 8731 -75 52 94 51738
1514 -1947 8357 -44 26 107 51775
1319 -2057 8150 30 53 121 51808
1208 -1863 8228 -17 12 109 51839
1270 -1954 8073 1 11 98 51877
1217 -1917 8106 50 11 101 51908
1202 -1788 8393 61 13 98 51942
1202 -1634 8586 -1 1 88 51977
1266 -1612 8342 -58 10 94 52007
1314 -1722 8157 -24 15 100 52041
1245 -1794 8384 68 27 113 52079
1175 -1669 8704 15 19 110 52111
1104 -1591 8592 -55 7 90 52152
1198 -1689 8228 -52 11 88 52183
1223 -1751 8095 9 9 105 52213
1154 -1728 8482 38 -8 106 52248
1133 -1685 8715 1 -11 101 52280
1253 -1647 8564 -58 -31 92 52316
1302 -1825 8358 -4 -8 101 52349
1305 -1819 8332 10 0 102 52386
1228 -1718 8304 -6 -1 101 52417
1193 -1727 8134 -44 -6 98 52451
1107 -1789 8032 4 -2 107 52487
1077 -1885 8165 37 15 109 52519
1012 -1869 8476 2 -1 100 52555
1080 -1953 8574 -7 -13 93 52586
1088 -2078 8660 -8 -4 104 52621
1165 -2067 8553 9 0 111 52658
1161 -1946 8462 -6 15 107 52687
1201 -1869 8288 -7 -8 106 52727
1118 -1889 8285 16 8 118 52759
1156 -1713 8297 5 6 115 52792
1100 -1655 8130 -30 16 110 52823
1146 -1719 8133 -5 -19 96 52856
1157 -1892 8233 5 40 112 52893
1142 -1872 8317 -16 2 100 52925
1137 -1952 8563 11 13 111 52959
1096 -2007 8656 -7 5 112 52995
1106 -1922 8641 -24 -15 107 53026
1227 -1866 8296 -26 21 118 53065
1155 -1718 8044 -28 11 119 53098
1126 -1744 8010 -4 -2 112 53135
1124 -1804 8227 11 5 116 53168
1106 -1926 8379 -41 8 100 53203
1140 -2136 8156 -41 5 102 53241
1148 -2198 7911 -35 13 120 53270
1058 -2177 7802 -10 -26 123 53306
1047 -2177 8040 13 -48 116 53343
