-405 -258 851 0 2 -1 6
-438 -271 884 8 1 2 48
-454 -272 919 9 2 1 69
-459 -263 968 8 2 -3 92
-455 -248 999 4 0 -8 120
-442 -260 990 3 -2 -10 141
-403 -289 957 6 -7 -12 164
-343 -332 897 14 -14 -16 187
-319 -322 828 18 -16 -14 211
-310 -296 772 21 -11 -6 232
-339 -296 819 21 1 -1 264
-356 -302 1038 13 -1 -4 292
-378 -240 1082 2 -4 -6 322
-367 -180 931 -5 -2 -3 351
-337 -112 810 6 2 3 380
-331 -103 779 27 0 0 406
-318 -157 838 29 3 -2 432
-306 -199 995 14 -5 -5 462
-337 -151 1149 4 9 -5 490
-360 -96 951 -32 13 -6 525
-354 -117 860 -40 10 -4 548
-355 -188 779 -4 3 -4 577
-333 -224 761 28 1 -2 606
-364 -267 985 16 -8 2 635
-387 -225 1020 8 -13 -1 660
-405 -150 931 -8 -5 -6 694
-381 -148 873 -1 -8 -5 720
-360 -132 878 12 3 -4 751
-358 -176 970 1 5 -6 778
-350 -184 980 -5 2 -6 806
-321 -184 959 -3 -1 -7 834
-299 -199 903 3 4 -4 864
-314 -207 885 -3 2 -3 888
-340 -233 885 -4 0 -6 917
-373 -266 991 7 0 -5 949
-373 -249 960 11 0 -3 974
-363 -221 859 -2 0 -6 999
-348 -182 889 -7 -3 -5 1035
-368 -184 1102 20 -3 -6 1064
-356 -167 1065 10 -3 -2 1091
-318 -123 855 -17 3 -4 1122
-307 -146 828 -10 -7 -2 1152
-319 -190 832 10 4 -2 1182
-326 -197 963 12 9 -5 1213
-367 -169 1021 -4 5 -9 1242
-339 -175 1042 13 -11 -11 1272
-343 -164 823 9 -2 -8 1304
-388 -143 772 1 -5 0 1334
-362 -168 883 4 -8 -3 1362
-329 -197 944 5 -8 -4 1391
-312 -170 944 4 -4 -5 1420
-321 -140 922 2 -2 -5 1451
-341 -138 884 -2 2 -4 1476
-367 -152 907 -3 5 -4 1509
-358 -172 991 10 -1 -7 1535
-300 -145 907 3 -2 -3 1570
-282 -117 888 -11 -5 -4 1600
-286 -113 984 -7 -4 -7 1626
-346 -123 1076 -6 5 -6 1660
-364 -127 1059 -3 6 -7 1686
-335 -197 984 0 5 -5 1719
-336 -173 987 11 5 -4 1744
-342 -177 991 3 1 -2 1775
-347 -173 883 -15 4 -6 1803
-344 -181 906 -3 1 -4 1833
-322 -196 862 12 -3 -2 1862
-312 -199 744 2 0 -2 1893
-324 -198 832 8 -2 -7 1924
-364 -177 929 8 -2 -3 1949
-417 -130 924 -16 4 -4 1978
-431 -135 1036 -11 6 -6 2010
-422 -162 1086 5 2 -5 2040
-387 -148 1014 6 -1 -3 2069
-335 -166 902 0 -2 -3 2099
-292 -203 833 2 -9 -5 2133
-283 -261 816 11 -9 -6 2157
-303 -282 935 16 -9 -5 2188
-343 -228 1030 17 -7 -4 2218
-359 -158 916 1 -4 -6 2249
-331 -122 789 -17 8 -3 2278
-311 -170 892 -10 4 -7 2308
-322 -160 1068 27 4 -4 2339
-366 -122 1087 7 -6 0 2369
-365 -65 999 -13 2 -4 2398
-275 -140 880 -10 9 -7 2427
-235 -199 815 6 7 -3 2457
-285 -253 836 11 0 -3 2486
-351 -229 892 3 -1 -5 2515
-393 -198 956 -4 -1 -5 2541
-422 -99 941 -14 3 -4 2578
-378 -87 930 -5 2 -6 2604
-340 -75 980 11 -2 -7 2629
-273 -107 993 17 -1 -4 2665
-292 -56 1045 19 3 -3 2689
-319 -112 958 -17 3 -2 2719
-308 -119 907 -24 3 -6 2749
-307 -164 833 1 6 3 2779
-287 -209 709 8 1 -1 2807
-348 -207 863 5 -9 -9 2839
-408 -151 1067 17 -10 -4 2864
-385 -149 927 -12 0 -6 2896
-353 -90 1012 0 -9 -11 2926
-300 -111 992 23 5 -3 2956
-293 -99 914 3 4 1 2986
-267 -120 786 -15 -3 -5 3011
-217 -176 732 -9 -3 -8 3043
-239 -151 934 12 0 -4 3073
-366 -164 1168 7 -3 -1 3102
-436 -44 1231 9 -8 -12 3132
-355 -86 961 -9 5 -3 3163
-282 -130 863 -20 8 -5 3194
-265 -144 895 12 0 -8 3220
-241 -188 829 17 2 -5 3248
-289 -162 854 -10 -7 -4 3282
-376 -86 1045 -1 -5 -2 3310
-455 -84 1103 2 5 -3 3340
-469 -74 1089 -4 5 -9 3367
-381 -71 908 -9 1 -10 3399
-296 -117 796 -17 1 -5 3425
-237 -110 830 0 -3 0 3457
-263 -151 882 15 1 -3 3484
-304 -143 956 -8 -5 -2 3514
-347 -128 958 -10 3 -5 3544
-339 -155 904 2 4 -5 3574
-359 -176 908 7 3 -5 3602
-364 -178 945 13 -2 -8 3631
-368 -157 943 12 -2 -7 3661
-351 -131 914 -4 -5 -4 3690
-316 -122 870 -4 -5 -5 3725
-282 -164 806 7 -4 -5 3754
-298 -179 843 14 -3 -3 3779
-340 -117 977 21 -6 -4 3810
-332 -130 981 -3 0 -6 3841
-304 -108 1027 -2 -1 -8 3869
-244 -100 961 4 2 -8 3900
-214 -114 875 -10 7 -5 3929
-227 -100 927 -3 -2 -6 3960
-260 -150 943 2 7 -3 3989
-343 -115 1079 -2 6 -3 4017
-364 -133 1054 -4 3 -4 4048
-366 -119 954 -15 5 -5 4078
-367 -113 958 -9 -3 -5 4107
-343 -147 983 3 2 -4 4138
-346 -143 1029 7 -2 -4 4166
-318 -177 997 -3 -3 -5 4200
-299 -145 1029 3 2 -5 4227
-290 -130 964 8 -1 -4 4259
-238 -134 757 -18 -1 -6 4284
-214 -116 766 -12 -15 -8 4316
-203 -144 854 16 -7 -5 4348
-225 -162 937 17 -5 -1 4378
-276 -85 1057 8 -3 -5 4408
-268 -126 986 2 1 -9 4438
-255 -118 847 -9 4 -3 4465
-239 -182 785 -9 -1 -7 4495
-234 -239 860 14 -4 -6 4525
-256 -208 922 27 -2 -1 4556
-301 -123 897 3 -3 -2 4585
-280 -128 928 -21 -9 -5 4614
-273 -115 1020 7 2 -11 4650
-280 -158 1022 19 14 -4 4676
-321 -116 1090 -5 8 -6 4706
-292 -89 1144 -7 7 -9 4737
-212 -126 949 -13 3 -4 4765
-192 -102 983 -7 -4 -6 4802
-212 -129 1113 21 -4 -9 4825
-250 -151 1131 21 3 -1 4858
-287 -60 1027 -15 -4 -3 4888
-262 -120 935 -26 -3 -6 4919
-251 -171 861 1 -2 -5 4952
-246 -196 860 9 -1 -2 4977
-290 -172 1083 26 -3 -5 5010
-273 -151 1042 16 -2 -4 5038
-197 -105 842 -17 -4 -7 5073
-165 -130 792 -11 -2 -6 5101
-169 -179 816 11 0 -5 5133
-196 -181 851 19 -1 -1 5162
-246 -143 932 -1 1 -4 5192
-260 -133 1024 -1 -1 -5 5221
-242 -115 920 -5 2 -5 5253
-243 -88 857 -11 1 -4 5282
-225 -111 860 -5 -8 -5 5314
-202 -121 955 11 -3 -5 5341
-234 -97 1021 8 0 -5 5372
-275 -76 1018 -21 3 -7 5399
-279 -58 1112 -17 5 -7 5430
-247 -151 938 1 8 -4 5460
-223 -184 768 -14 3 -1 5488
-253 -181 896 1 -8 -7 5518
-268 -235 1014 20 -2 -6 5546
-322 -192 1059 2 -2 -1 5580
-282 -186 1067 -8 -12 -13 5612
-183 -246 978 13 -8 -17 5641
-114 -215 841 3 3 -6 5673
-189 -220 1017 13 6 -5 5700
-220 -265 1099 19 2 -6 5732
-264 -212 1020 1 5 -1 5761
-253 -208 1023 0 3 -3 5790
-244 -170 985 4 3 -2 5819
-270 -154 964 -2 2 0 5857
-258 -135 981 0 -1 -1 5880
-244 -121 900 -3 -3 -1 5903
-224 -148 823 -5 -6 -2 5937
-252 -141 900 14 -3 -3 5966
-271 -135 897 10 1 -2 5995
-278 -89 909 -4 -1 -2 6023
-263 -93 895 -1 -11 -5 6056
-227 -108 846 6 -10 -4 6082
-148 -151 814 16 -11 -3 6115
-120 -133 896 20 -5 -4 6145
-146 -147 938 5 9 -2 6175
-202 -127 991 -10 12 -5 6201
-246 -156 1058 -1 10 -6 6236
-252 -185 907 -5 12 -3 6266
-234 -202 925 -7 -2 -3 6296
-216 -166 1031 18 -8 -5 6326
-189 -159 937 5 -4 -2 6357
-220 -84 955 -7 -5 -4 6390
-237 -103 1030 -3 -3 -5 6416
-270 -132 1004 -4 5 -3 6453
-266 -129 973 -9 1 -4 6476
-258 -114 1002 6 -3 -6 6505
-251 -145 971 0 5 0 6537
-263 -140 1088 3 0 -4 6564
-241 -94 1139 19 -1 -5 6592
-208 -141 880 -19 8 -3 6623
-197 -120 883 -20 -8 -4 6654
-177 -179 902 13 1 -6 6683
-219 -210 889 1 9 -1 6713
-303 -140 1061 0 0 -6 6742
