-387 -493 919 -2 0 3 12
-389 -471 924 -1 -2 4 54
-389 -461 918 -1 -3 4 77
-388 -453 912 -2 -3 4 99
-386 -446 913 -2 -2 4 121
-390 -444 925 0 -5 5 145
-387 -443 939 0 -6 5 168
-386 -444 923 2 -9 5 190
-370 -447 909 -1 -5 4 214
-360 -448 903 -2 -3 4 235
-353 -451 900 -2 -1 3 264
-352 -448 907 -1 -1 3 286
-353 -444 927 0 -1 4 314
-350 -445 933 0 -1 4 339
-346 -445 942 -2 -1 4 368
-336 -443 930 -4 -2 5 396
-334 -442 925 -3 0 5 424
-337 -442 926 -2 0 6 449
-334 -448 932 -2 -1 7 478
-340 -457 917 -5 -2 7 506
-338 -459 897 -4 -2 6 537
-343 -460 897 -2 -1 6 562
-345 -463 913 1 -3 7 592
-353 -460 939 2 -3 6 615
-370 -440 958 0 -4 6 644
-363 -416 962 -5 -3 5 672
-362 -406 951 -4 -4 5 703
-351 -407 935 -4 -1 6 726
-317 -422 933 -3 -1 4 756
-303 -440 922 -4 -1 5 783
-287 -454 928 -4 -2 6 813
-282 -461 935 -2 -2 7 841
-283 -462 942 -1 -2 8 866
-281 -461 952 -2 -2 7 896
-275 -458 958 -2 -3 6 925
-273 -446 956 -3 -1 6 952
-263 -440 962 -3 0 7 980
-263 -441 963 -4 1 8 1005
-263 -441 963 -4 1 8 1035
-267 -456 962 -5 -1 11 1075
-269 -460 957 -5 -2 11 1099
-278 -459 955 -4 -3 11 1123
-284 -456 971 0 -4 11 1154
-277 -455 1000 -1 -1 9 1183
-262 -450 1003 -5 -1 7 1213
-247 -442 969 -9 -1 6 1244
-219 -444 936 -7 -2 8 1273
-199 -455 922 -3 0 10 1301
-216 -453 956 -4 3 15 1331
-233 -473 984 -5 0 17 1361
-256 -473 981 -10 0 16 1389
-272 -478 964 -9 -4 14 1419
-278 -480 950 -4 -4 11 1449
-265 -476 942 -3 -4 9 1480
-218 -495 961 -5 -2 8 1508
-180 -507 964 -7 2 7 1538
-159 -516 954 -11 8 8 1567
-168 -533 964 -8 3 11 1599
-175 -537 957 -6 -1 13 1622
-187 -529 970 -2 -5 16 1656
-197 -519 984 -3 -1 17 1685
-206 -512 998 -7 -2 16 1716
-205 -512 985 -10 -2 14 1745
-197 -519 969 -6 -2 13 1775
-186 -528 954 -5 -1 12 1806
-175 -534 966 -5 -1 12 1837
-168 -537 985 -4 -1 13 1867
-173 -525 997 -5 -3 15 1896
-179 -522 990 -6 -4 17 1927
-184 -522 986 -4 -4 18 1958
-181 -528 988 -4 -4 16 1986
-167 -533 995 -6 -5 13 2017
-139 -535 984 -8 -4 11 2051
-122 -528 955 -8 0 11 2079
-117 -534 945 -9 -1 13 2106
-134 -540 955 -4 1 18 2142
-152 -542 977 -2 -2 20 2166
-181 -539 1008 -3 -3 23 2196
-200 -533 1011 -6 -6 22 2227
-195 -522 990 -6 -8 17 2259
-179 -512 959 -6 -6 13 2290
-148 -507 941 -8 -2 8 2319
-126 -527 959 -5 2 9 2353
-128 -532 969 -5 3 11 2376
-137 -543 984 -7 1 16 2405
-151 -547 970 -5 -4 18 2434
-151 -539 965 0 -7 17 2465
-137 -531 960 -5 -4 13 2493
-128 -521 967 -8 0 13 2524
-120 -531 988 -8 2 12 2553
-129 -552 1005 -6 2 13 2581
-146 -563 1012 -6 0 15 2612
-154 -566 1001 -6 -3 15 2643
-156 -551 994 -2 -6 16 2678
-152 -541 991 -3 -4 16 2703
-146 -538 998 -7 -2 14 2734
-137 -542 998 -8 -1 12 2765
-125 -546 987 -7 -2 12 2794
-121 -552 985 -3 0 12 2824
-125 -541 994 -3 1 12 2854
-132 -530 987 -4 -1 14 2890
-137 -522 991 -3 -1 15 2912
-157 -513 1003 -2 0 16 2943
-172 -514 1013 -5 0 15 2973
-181 -517 994 -7 -2 14 3004
-184 -511 970 -5 -3 12 3033
-190 -498 959 -2 -2 12 3064
-186 -491 976 0 1 10 3093
-184 -476 978 -2 0 9 3122
-180 -453 964 -6 -1 9 3150
-178 -437 973 0 -1 9 3178
-175 -418 981 4 -2 10 3211
-174 -401 976 -3 0 9 3237
-176 -394 969 -6 1 9 3262
-177 -393 960 -3 1 10 3292
-196 -403 961 -2 -2 11 3322
-207 -432 966 -4 0 11 3351
-206 -451 969 -2 0 9 3380
-221 -451 975 -2 -1 8 3409
-226 -442 978 -4 -1 6 3438
-228 -419 971 -2 -2 6 3467
-228 -404 976 -1 0 7 3497
-228 -404 988 -2 0 7 3522
-229 -404 1017 -2 -1 6 3554
-233 -396 1015 -5 1 6 3581
-235 -404 978 -8 1 7 3611
-231 -410 935 -8 0 6 3639
-239 -419 926 0 -1 8 3668
-242 -419 916 4 -2 8 3695
-238 -420 918 0 0 6 3727
-239 -415 922 -3 -1 4 3750
-248 -404 945 2 -1 4 3780
-253 -382 952 6 -2 5 3808
-265 -368 985 4 -1 5 3836
-275 -353 1011 5 -4 5 3867
-275 -325 982 1 -4 5 3894
-267 -304 957 -7 -3 4 3920
-256 -286 927 -3 -6 5 3956
-247 -284 907 4 -8 6 3978
-227 -285 922 3 -1 6 4009
-205 -314 960 -2 2 2 4035
-205 -341 978 -4 5 -1 4064
-217 -356 977 -4 6 -1 4093
-235 -365 990 -5 5 -1 4123
-267 -356 1014 0 -1 2 4151
-271 -341 1025 4 -4 4 4179
-249 -309 1025 -2 -4 5 4212
-239 -310 1004 -7 -3 4 4241
-235 -320 981 -4 1 4 4274
-230 -328 986 0 2 4 4297
-228 -334 977 -1 2 2 4325
-231 -333 981 -2 0 2 4353
-229 -314 964 -1 0 3 4382
-228 -305 973 0 0 3 4407
-227 -303 977 0 -1 3 4437
-233 -299 975 -1 1 3 4464
-239 -300 963 -3 1 4 4492
-240 -301 956 -2 0 4 4521
-249 -297 956 1 -2 4 4549
-255 -291 950 2 -3 4 4575
-266 -282 945 0 -2 4 4605
-268 -268 939 0 -5 2 4640
-270 -256 937 -1 -3 1 4662
-265 -263 955 3 -4 2 4690
-264 -260 956 1 0 2 4718
-254 -266 946 -3 1 0 4743
-244 -275 925 -5 1 -1 4774
-251 -288 945 2 0 1 4808
-256 -288 959 5 -2 2 4830
-255 -281 979 0 -3 2 4858
-250 -281 968 -5 -3 1 4884
-250 -283 952 -4 -1 1 4914
-251 -289 951 1 -1 2 4944
-262 -298 986 2 -1 2 4971
-256 -301 1000 0 -2 0 5001
-243 -290 971 -7 0 -1 5029
-242 -295 972 -1 -1 0 5058
-244 -295 983 4 -1 3 5087
-243 -301 1007 1 2 3 5117
-245 -306 1004 -3 0 1 5141
-249 -291 985 -5 -1 1 5172
-253 -280 963 -3 0 2 5202
-255 -279 966 1 -2 3 5230
-262 -283 983 0 0 2 5258
-262 -276 990 -3 -1 1 5285
-263 -271 987 -3 0 1 5318
-261 -272 975 -4 0 0 5341
-261 -277 976 -2 1 1 5370
-270 -287 988 0 1 1 5398
-261 -285 989 -1 0 1 5426
-262 -277 985 -3 -1 0 5452
-261 -279 963 -2 0 1 5484
-266 -276 959 -1 1 2 5509
-274 -277 974 0 0 2 5545
-275 -277 993 1 0 1 5567
-276 -272 986 1 -1 1 5591
-258 -271 980 -1 -2 0 5621
-260 -262 972 1 -2 0 5655
-257 -259 967 2 -1 0 5678
-237 -255 974 -1 1 1 5706
-243 -250 960 -3 0 1 5734
-254 -255 970 0 2 3 5763
-246 -255 969 1 -1 2 5787
-243 -254 970 0 -3 -1 5817
-242 -252 967 0 -1 1 5852
-238 -239 966 2 0 1 5875
-248 -237 988 1 2 2 5902
-252 -236 1000 -2 2 1 5927
-261 -234 1007 -3 -1 1 5957
-252 -227 974 -3 -2 0 5988
-255 -230 965 -2 -2 1 6017
-246 -229 951 -1 -3 1 6046
-240 -228 956 -2 -1 1 6075
-246 -229 960 -2 1 1 6105
-254 -235 977 -1 0 1 6133
-253 -241 988 -1 -2 -1 6161
-259 -240 999 0 -5 -2 6191
-236 -230 1007 2 -4 -2 6221
-221 -214 1008 -1 -3 -2 6250
-207 -210 995 -3 -1 -1 6281
-187 -211 979 0 -2 -1 6311
-184 -204 969 -2 1 2 6341
-186 -217 980 -2 1 2 6373
-194 -229 984 -1 1 3 6401
-204 -230 979 -2 2 3 6423
-212 -247 996 -2 -1 1 6453
-213 -239 1001 2 -4 1 6482
-202 -229 1013 -1 -3 0 6510
-194 -232 1007 -2 -1 -1 6541
-182 -229 1002 -2 0 1 6572
-164 -240 991 -2 3 2 6602
-156 -253 1003 -2 1 1 6629
-164 -258 998 -2 1 3 6659
-170 -260 1002 -1 -1 3 6686
-176 -262 1004 -2 -2 3 6718
-173 -259 1011 -1 -1 3 6747
-170 -256 1017 -2 0 2 6778
-164 -259 1014 -3 -1 2 6804
-152 -265 1001 -3 2 2 6838
-147 -267 998 -1 -1 2 6864
-127 -277 996 -3 -2 3 6898
-121 -279 1004 -1 -2 3 6928
-115 -273 1007 0 -1 5 6953
-110 -269 1021 -4 -2 5 6984
-110 -274 1019 -3 -2 4 7016
-103 -273 1021 -1 -1 4 7042
-85 -275 1025 -2 -2 3 7076
-66 -278 1032 -3 -3 2 7101
-44 -264 1018 -3 0 2 7137
-33 -249 1026 -1 -1 1 7160
-33 -232 1052 -1 1 5 7189
-33 -221 1059 -3 1 6 7217
-28 -224 1054 -3 -2 7 7246
-29 -226 1044 -4 -2 7 7274
-29 -231 1028 -4 -2 7 7302
-28 -252 1057 0 2 8 7335
-22 -251 1081 2 1 7 7358
-23 -257 1088 -7 2 5 7387
-24 -270 1064 -7 2 5 7415
-24 -254 1000 -7 -1 6 7450
-16 -267 1013 -1 -5 7 7475
-16 -271 1016 2 -4 9 7500
-8 -253 1049 0 1 10 7529
-18 -261 1079 -5 0 9 7557
-28 -263 1072 -6 -1 8 7585
-24 -270 1075 -1 -1 8 7613
-7 -265 1079 -2 -1 7 7643
-5 -264 1065 -4 -2 6 7670
0 -264 1023 -11 0 7 7698
17 -263 994 -7 -2 9 7726
23 -287 1025 2 -1 10 7754
13 -301 1073 0 3 11 7782
3 -308 1112 -3 4 10 7806
0 -302 1117 -9 0 8 7834
4 -284 1082 -5 -4 9 7861
13 -275 1058 -3 -5 9 7887
32 -273 1047 -1 -4 9 7916
33 -278 1052 -2 1 11 7944
36 -293 1063 -3 -1 11 7972
33 -294 1041 -7 1 12 7998
24 -305 1017 -5 -1 12 8031
16 -301 1030 0 -1 12 8057
5 -298 1067 2 2 12 8086
-4 -290 1085 -6 -1 10 8120
0 -286 1067 -8 -3 9 8142
8 -287 1041 -7 -5 10 8167
26 -293 1020 -2 -3 11 8197
31 -299 1030 -3 0 11 8227
28 -314 1039 -5 0 10 8254
25 -309 1044 -4 -1 10 8282
36 -301 1046 -4 0 12 8311
30 -306 1061 -2 -1 11 8340
31 -300 1078 -2 -2 10 8369
41 -288 1072 -5 -2 10 8396
52 -290 1060 -7 -4 11 8428
55 -292 1047 -5 -4 11 8455
57 -297 1058 -4 0 13 8485
58 -313 1070 -5 -2 12 8518
59 -314 1067 -4 -2 12 8541
72 -314 1074 -4 1 12 8572
82 -310 1084 -5 2 11 8599
84 -307 1086 -6 1 10 8628
83 -306 1090 -5 -1 11 8654
81 -309 1078 -6 1 13 8687
76 -320 1095 -5 1 14 8716
71 -322 1099 -3 0 14 8739
73 -313 1074 -9 -1 13 8768
69 -312 1058 -7 -2 12 8799
83 -297 1054 -3 0 13 8828
83 -298 1067 -3 1 13 8853
72 -308 1075 -6 1 12 8883
73 -309 1068 -8 -1 12 8912
73 -306 1062 -4 -2 14 8940
68 -307 1076 -3 -1 15 8969
63 -304 1108 -2 -1 14 8999
60 -293 1111 -5 -1 13 9028
63 -288 1078 -8 -3 13 9060
62 -290 1050 -4 -1 14 9087
57 -295 1059 -2 0 15 9117
55 -301 1065 -3 0 14 9141
45 -299 1074 -5 -1 13 9171
54 -290 1060 -6 -1 13 9200
50 -287 1062 -3 -1 14 9235
50 -289 1070 -4 0 13 9258
43 -294 1083 -4 0 13 9286
46 -291 1076 -5 0 12 9315
48 -295 1060 -6 -1 13 9344
48 -300 1060 -5 -2 13 9370
46 -298 1069 -3 0 14 9403
42 -296 1081 -3 1 13 9428
42 -289 1081 -6 -1 13 9458
40 -283 1060 -8 0 13 9486
39 -288 1060 -3 0 14 9515
32 -291 1073 -2 2 13 9542
28 -299 1070 -7 0 13 9575
25 -301 1054 -8 -2 13 9598
30 -289 1052 -3 -2 14 9627
29 -286 1067 0 0 15 9657
20 -286 1103 -4 2 13 9685
18 -279 1091 -7 -1 12 9712
23 -272 1063 -7 -2 13 9741
19 -279 1040 -5 -1 14 9771
10 -288 1052 -2 0 14 9801
10 -298 1065 0 -1 14 9826
18 -288 1078 -7 0 12 9862
14 -288 1070 -8 0 12 9885
22 -274 1029 -6 -1 13 9912
10 -286 1031 -4 0 14 9941
-3 -294 1048 0 0 15 9967
-5 -298 1070 -2 1 15 9996
-26 -307 1076 -10 0 15 10025
-30 -316 1043 -9 -3 14 10056
-30 -317 1018 -5 -3 13 10086
-27 -322 1030 -2 -2 11 10123
-15 -320 1046 -3 -1 11 10149
0 -316 1040 -8 -1 11 10180
6 -328 1019 -7 -2 12 10209
10 -337 1010 -3 -1 14 10239
6 -348 1030 -3 0 14 10269
-10 -358 1060 -2 -3 14 10299
-8 -337 1069 -6 -3 15 10328
-11 -326 1063 -6 -4 15 10359
-11 -321 1057 -4 -3 14 10389
-5 -318 1073 -4 -1 12 10420
-1 -320 1078 -6 0 12 10451
1 -325 1065 -8 1 12 10480
2 -335 1046 -5 -1 14 10508
5 -343 1032 -6 -1 14 10537
-2 -346 1022 -7 -1 14 10564
0 -346 1041 -4 -2 13 10598
-2 -341 1061 -2 -1 14 10624
-2 -339 1076 -9 0 13 10661
-8 -337 1053 -11 -1 12 10683
5 -335 1026 -3 -2 14 10718
2 -344 1053 0 0 14 10744
-5 -358 1102 0 2 14 10771
-2 -356 1106 -11 0 12 10800
-6 -352 1085 -9 -3 14 10831
14 -337 1060 -4 -2 15 10860
14 -332 1053 -5 1 14 10890
4 -335 1046 -8 0 13 10920
-1 -338 1052 -3 -1 15 10948
0 -341 1060 -5 1 16 10978
-17 -360 1049 -8 0 14 11006
-21 -362 1041 -6 -2 14 11040
-12 -342 1041 -4 0 14 11068
-14 -344 1068 -5 0 13 11097
-11 -340 1066 -5 0 13 11128
-14 -333 1062 -8 -1 14 11157
-18 -349 1057 -5 -1 14 11195
-19 -347 1061 -1 0 15 11219
-20 -350 1059 -6 1 14 11251
-21 -358 1033 -7 -3 13 11283
-14 -352 1026 -3 -2 14 11310
-11 -350 1057 -2 1 14 11345
-22 -353 1059 -7 0 14 11373
-18 -339 1040 -7 -3 14 11404
-24 -332 1033 -5 -2 16 11434
-29 -340 1048 -2 -1 16 11466
-34 -342 1056 -7 -2 14 11496
-28 -352 1055 -8 -3 13 11528
-10 -355 1061 -4 0 13 11561
0 -362 1075 -4 1 12 11587
10 -365 1063 -9 2 11 11617
24 -373 1046 -9 -2 13 11647
43 -375 1061 -4 -1 14 11684
49 -389 1075 -7 2 16 11711
44 -400 1083 -9 0 16 11734
49 -410 1073 -10 -4 16 11766
64 -401 1070 -6 -2 16 11796
70 -396 1078 -8 -1 16 11826
68 -400 1094 -7 -2 17 11857
83 -387 1106 -9 -4 18 11890
83 -389 1108 -9 -3 18 11915
88 -392 1131 -6 0 18 11949
88 -393 1128 -10 -1 19 11980
86 -397 1112 -11 -1 18 12006
99 -389 1088 -6 0 18 12040
96 -387 1097 -7 1 19 12066
79 -390 1080 -9 0 20 12098
78 -384 1080 -8 -1 20 12125
52 -371 1085 -6 -1 22 12158
42 -365 1093 -7 -2 22 12184
28 -359 1086 -9 -2 19 12218
20 -347 1072 -8 -1 19 12251
8 -352 1083 -6 -1 19 12278
10 -357 1084 -5 0 18 12304
13 -362 1086 -8 -1 17 12337
13 -358 1079 -6 1 17 12364
18 -344 1067 -7 1 16 12394
9 -347 1061 -7 0 16 12423
7 -345 1053 -5 0 17 12452
-6 -348 1040 -8 0 18 12479
-7 -353 1033 -8 -2 18 12509
-18 -348 1052 -2 -1 19 12539
-31 -342 1068 -7 2 18 12570
-44 -342 1056 -8 -3 16 12600
-45 -339 1040 -6 -3 15 12631
-42 -332 1037 -5 -1 15 12663
-36 -344 1041 -6 -1 14 12696
-34 -351 1046 -6 0 15 12725
-33 -353 1039 -7 -1 15 12756
-37 -358 1046 -6 -1 15 12790
-40 -359 1051 -4 0 16 12818
-38 -360 1070 -6 1 15 12848
-46 -363 1074 -7 -1 14 12878
-49 -371 1044 -9 0 15 12915
-55 -382 1032 -7 -1 15 12938
-59 -394 1023 -5 0 16 12971
-71 -405 1022 -6 -1 17 13001
-77 -411 1024 -7 -1 16 13033
-77 -406 1021 -7 -1 15 13064
-84 -412 1030 -6 0 15 13095
-93 -416 1041 -5 0 14 13124
-90 -420 1051 -6 -1 14 13154
-91 -420 1031 -8 0 14 13187
-87 -427 1024 -7 -1 14 13216
-85 -439 1019 -4 -1 15 13247
-89 -446 1022 -6 -1 15 13278
-84 -440 1006 -7 -3 15 13316
-77 -429 991 -7 -3 15 13339
-73 -424 1017 -3 -2 15 13372
-75 -417 1039 -4 1 14 13403
-73 -410 1065 -6 -2 13 13433
-72 -409 1074 -4 -2 14 13463
-77 -410 1076 -4 3 16 13494
-79 -440 1048 -8 -2 14 13532
-80 -444 1024 -4 -3 15 13555
-71 -434 999 -6 0 16 13587
-77 -429 1016 -5 -2 15 13616
-88 -392 1013 -7 1 17 13653
-103 -390 1014 -10 1 17 13676
-122 -401 989 -4 0 18 13712
-141 -424 1000 -3 0 17 13740
-160 -462 1002 -8 1 15 13772
-169 -483 1038 -5 0 14 13802
-161 -474 1025 -9 2 12 13839
-149 -470 981 -16 0 10 13863
-149 -470 929 -5 -2 12 13899
-138 -471 920 -1 0 14 13925
-150 -494 985 -3 0 13 13959
-171 -511 1002 -8 -3 13 13988
-183 -506 1017 -7 -5 15 14020
-169 -496 1013 -3 -5 14 14052
-152 -483 990 -7 -2 10 14084
-141 -487 1018 -3 -1 9 14118
-126 -498 1051 -1 0 10 14147
-116 -509 1053 -8 0 11 14178
-113 -523 990 -16 -1 12 14209
-86 -525 938 -10 -4 13 14242
-87 -518 933 -1 -1 15 14273
-100 -531 1003 -3 0 14 14303
-113 -548 1046 -7 -1 13 14334
-102 -538 1037 -8 -2 13 14372
-89 -535 1017 -9 -3 12 14398
-81 -537 1028 -5 -1 12 14429
-73 -543 1063 0 1 13 14461
-60 -551 1107 -6 0 12 14490
-55 -552 1091 -11 2 13 14520
-39 -543 1008 -17 2 13 14551
-43 -536 997 -5 -4 16 14583
-62 -539 1020 -1 0 18 14615
-75 -548 1036 -11 -2 17 14641
-78 -557 1029 -10 -1 16 14677
-76 -544 1009 -8 0 17 14708
-83 -564 1013 -8 -3 14 14738
-62 -557 979 -8 -2 13 14769
-47 -547 1009 -4 -4 13 14799
-54 -550 1003 -7 -1 16 14829
-59 -563 1018 -8 -7 17 14866
-54 -568 1015 -4 -5 16 14891
-51 -573 1031 -6 -1 15 14929
-55 -579 1030 -8 -7 13 14954
-29 -558 986 -8 -4 14 14987
-22 -540 986 -7 -4 15 15016
-25 -552 981 -6 -2 15 15046
-38 -559 995 -7 -3 16 15076
-38 -561 1001 -6 -4 16 15107
-39 -554 1018 -4 -2 16 15138
-49 -545 1026 -6 -5 15 15169
-50 -531 1013 -7 -3 13 15202
-53 -517 1026 -4 -2 14 15233
-60 -529 1026 -6 -2 14 15263
-70 -547 1017 -8 -3 15 15293
-64 -544 1006 -5 -4 14 15325
-78 -529 1004 -5 -1 14 15363
-76 -528 1006 -5 -3 13 15385
-81 -505 999 -6 -3 13 15425
-94 -499 1010 -5 0 13 15453
-95 -503 1025 -2 0 12 15478
-113 -509 1031 -6 -3 12 15511
-114 -508 1011 -6 -3 11 15541
-107 -499 991 -4 -2 11 15574
-111 -500 986 -4 -1 11 15605
-116 -501 976 -6 -2 10 15636
-123 -504 982 -2 -2 12 15669
-131 -506 994 -3 -2 12 15699
-139 -505 989 -4 -3 11 15730
-144 -490 993 -4 -4 10 15760
-146 -475 1019 3 -2 10 15792
-148 -452 1017 -3 1 8 15824
-164 -446 1007 -6 -2 7 15853
-169 -433 970 -3 -2 9 15884
-181 -429 975 1 -1 11 15915
-199 -438 982 1 -1 10 15948
-206 -432 939 -4 -2 7 15978
-219 -429 927 -7 -2 7 16004
-251 -417 930 4 -6 10 16037
-235 -412 903 -2 -3 9 16066
-243 -421 934 -4 -3 7 16094
-242 -416 953 -1 -3 4 16128
-234 -408 997 2 -4 2 16157
-227 -403 995 -7 1 2 16186
-211 -410 1016 -7 2 0 16213
-201 -415 988 -3 0 1 16247
-188 -435 989 -6 0 2 16272
-193 -456 968 -6 -2 6 16305
-195 -455 967 -2 -2 8 16332
-205 -449 962 -2 -4 9 16362
-253 -437 1039 8 -4 10 16395
-234 -399 982 0 -3 5 16426
-245 -386 993 -7 -1 2 16451
-252 -350 972 1 -4 3 16485
-233 -344 986 6 1 2 16517
-240 -330 1012 2 4 3 16539
-227 -341 991 -8 4 1 16570
-240 -347 933 -11 2 2 16599
-249 -363 911 0 -2 6 16630
-258 -375 902 4 -4 6 16658
-266 -361 921 1 -4 5 16687
-292 -345 962 3 -3 5 16717
-322 -317 993 4 -2 4 16749
-307 -310 994 -3 -4 -2 16775
-313 -299 950 -9 1 -4 16806
-280 -309 937 -2 2 -3 16836
-256 -328 948 4 1 -1 16867
-241 -344 966 0 -2 2 16895
-242 -364 955 -7 0 3 16925
-236 -381 953 -1 0 3 16953
-238 -372 939 3 0 1 16983
-247 -361 958 1 1 0 17010
-248 -340 931 -5 0 0 17047
-278 -336 963 4 -3 1 17071
-288 -327 989 10 -5 4 17097
-267 -310 984 1 -2 2 17127
-280 -308 1000 -6 1 0 17156
-265 -307 939 -4 2 -1 17187
-283 -307 961 1 2 1 17224
-280 -308 952 3 0 0 17246
-268 -313 937 -2 -1 -1 17273
-291 -316 942 -1 -2 -3 17304
-293 -299 940 7 -5 -2 17336
-294 -263 941 6 -5 -2 17366
-293 -227 946 1 -5 -2 17396
-289 -211 944 3 -8 -2 17425
-262 -197 912 5 -5 -1 17457
-231 -173 935 4 -2 -3 17486
-221 -169 940 5 -2 -1 17516
-215 -173 939 -1 3 1 17546
-232 -200 990 4 0 0 17582
-226 -193 991 1 1 -1 17603
-235 -201 1018 -2 2 -3 17633
-245 -191 1025 -1 1 -2 17665
-257 -178 1048 0 1 -1 17695
-265 -168 1084 0 3 -1 17725
-277 -156 1066 -8 3 -1 17757
-279 -169 1051 -6 2 -1 17788
-275 -185 1022 -3 1 0 17818
-271 -182 1035 -2 1 -2 17848
-293 -201 1034 -1 -2 -2 17879
-282 -196 1001 -1 -1 -1 17912
-285 -188 994 -2 -2 -2 17943
-249 -188 941 1 -6 -2 17977
-237 -175 923 1 -5 -2 18004
-217 -159 909 3 -4 -2 18038
-198 -152 904 2 -1 -2 18065
-191 -150 906 1 -1 -1 18099
-201 -138 912 -1 -1 0 18126
-195 -136 923 1 3 -2 18157
-212 -138 953 7 -4 -1 18185
-196 -128 936 -3 0 0 18216
-209 -139 1011 -1 2 -5 18244
-207 -126 983 6 -5 -2 18276
-198 -122 1007 -1 0 -1 18306
-206 -129 1037 -1 -1 -1 18337
-165 -116 999 3 -6 -2 18369
-180 -111 1015 -5 4 -2 18400
-184 -102 1021 0 0 -1 18431
-182 -103 1020 3 0 2 18461
-171 -95 1017 -5 1 -1 18489
-187 -101 1019 -4 -1 0 18521
-161 -106 1015 4 -3 -1 18553
-161 -92 1017 -1 -1 -1 18580
-154 -92 992 -4 -2 -2 18618
-134 -101 980 2 -1 -1 18648
-138 -99 1025 4 2 1 18675
-141 -104 1054 1 -1 0 18705
-140 -97 1042 -6 1 0 18733
-139 -107 1032 -7 2 0 18760
-135 -112 1026 2 0 0 18793
-125 -104 1001 -3 -1 1 18819
-116 -128 999 -7 1 1 18854
30719 -9983 2847 350 20408 0 18879
-114 -135 1066 -1 1 3 18923
-115 -147 1084 -5 -1 0 18947
-95 -143 1039 -6 -1 -1 18982
-82 -144 1041 -1 0 0 19011
-75 -147 1060 2 -1 1 19038
-50 -149 1065 -4 0 2 19075
-43 -168 1057 -6 -1 2 19101
-38 -174 1040 -6 -3 3 19127
-36 -172 1021 -3 -2 5 19164
-30 -181 1027 -1 -1 5 19187
-34 -167 1048 0 -2 6 19221
-27 -163 1058 -2 -2 5 19246
-21 -166 1063 -3 -2 5 19280
-20 -160 1067 -4 0 5 19306
-12 -167 1065 -5 -2 4 19340
-3 -171 1065 -3 -1 5 19366
10 -168 1074 -3 2 7 19398
14 -176 1056 -8 1 7 19423
35 -195 1047 -8 -3 5 19454
37 -202 1035 -1 -1 7 19481
50 -199 1039 -4 0 8 19511
43 -215 1084 0 -1 7 19540
51 -193 1085 -3 0 8 19568
47 -189 1069 -10 1 8 19594
47 -221 1082 -3 -6 7 19624
80 -209 1076 1 1 7 19653
73 -206 1094 -2 2 10 19681
90 -211 1086 -9 -2 8 19713
97 -211 1056 -2 -3 10 19738
98 -201 1049 -3 2 11 19769
90 -213 1069 -3 -1 12 19798
85 -218 1072 -1 -1 11 19829
95 -204 1044 -9 -3 13 19858
100 -239 1048 -6 -4 11 19889
111 -234 1037 1 0 11 19920
112 -236 1090 -3 3 12 19948
106 -253 1107 -9 1 11 19979
116 -258 1091 -8 -1 12 20010
123 -266 1105 -2 -1 13 20041
122 -274 1118 -4 0 14 20071
113 -290 1120 -9 -2 15 20102
111 -285 1073 -9 -5 16 20136
111 -298 1066 -7 -2 15 20164
103 -310 1074 -5 0 15 20195
99 -321 1090 -8 2 15 20229
97 -335 1093 -11 2 16 20256
98 -357 1070 -9 1 16 20285
107 -383 1069 -7 -2 16 20314
107 -395 1078 -5 -4 15 20348
110 -397 1097 -6 -3 16 20377
115 -392 1108 -7 -2 16 20407
119 -384 1098 -9 0 16 20439
118 -379 1081 -6 -2 15 20474
120 -380 1083 -4 -2 15 20499
119 -379 1102 -5 -1 17 20533
126 -382 1096 -9 -3 17 20563
129 -392 1088 -8 -1 16 20594
129 -385 1077 -6 0 17 20625
130 -384 1092 -7 -2 17 20655
131 -381 1092 -6 -1 17 20686
128 -374 1099 -6 -1 18 20717
122 -385 1103 -7 -3 18 20751
124 -386 1098 -9 -2 17 20784
124 -396 1121 -6 -1 17 20812
125 -400 1132 -7 3 17 20842
128 -406 1121 -13 2 17 20872
138 -407 1081 -6 -2 17 20910
137 -398 1056 -8 0 18 20933
137 -405 1046 -10 -2 19 20965
132 -422 1071 -3 -1 19 20997
124 -418 1092 -9 -3 20 21030
126 -424 1084 -10 -4 18 21059
138 -403 1081 -5 0 18 21092
134 -407 1112 -5 -1 18 21122
138 -420 1117 -6 -1 18 21154
148 -413 1112 -6 0 19 21184
159 -423 1117 -8 -3 20 21215
165 -421 1078 -9 -2 19 21246
160 -407 1054 -8 -3 20 21279
151 -406 1046 -6 0 21 21312
145 -406 1074 -5 -2 21 21339
142 -406 1087 -8 0 20 21370
135 -399 1105 -7 -1 20 21399
128 -392 1095 -10 -3 20 21431
122 -398 1081 -9 -4 21 21464
123 -408 1106 -3 -2 20 21495
109 -417 1154 -9 0 20 21527
110 -424 1159 -9 0 19 21554
122 -415 1113 -13 0 19 21589
126 -422 1062 -9 -4 19 21618
131 -421 1039 -6 -2 20 21648
127 -422 1072 -5 -2 20 21679
119 -427 1092 -8 -1 20 21712
109 -428 1080 -12 -3 21 21741
112 -428 1044 -9 -5 20 21776
112 -426 1084 -3 -2 19 21806
115 -423 1128 -4 1 19 21841
125 -431 1136 -11 -2 20 21866
145 -439 1106 -10 -3 21 21899
154 -433 1067 -11 -3 21 21932
148 -439 1044 -8 -5 21 21966
147 -433 1067 -6 -4 22 21994
141 -437 1104 -6 -1 23 22026
141 -445 1126 -9 -2 22 22061
150 -442 1125 -8 -2 21 22089
160 -437 1114 -8 -2 20 22119
170 -434 1092 -10 -2 20 22150
184 -441 1082 -9 -3 21 22185
180 -440 1075 -9 -2 24 22214
167 -443 1102 -6 -1 25 22245
153 -437 1123 -7 0 25 22276
142 -430 1110 -10 -4 23 22307
140 -416 1092 -7 -4 22 22338
129 -419 1104 -8 -1 22 22375
131 -442 1106 -8 -1 22 22404
140 -455 1099 -11 -1 22 22434
140 -462 1087 -8 0 22 22464
134 -455 1080 -9 -2 23 22495
132 -453 1059 -9 -4 22 22526
125 -443 1064 -6 -3 23 22558
112 -441 1079 -7 -2 24 22588
102 -454 1090 -9 -3 22 22621
108 -451 1086 -9 -2 22 22651
104 -453 1102 -8 -1 22 22682
101 -459 1098 -8 -1 21 22713
108 -462 1088 -9 -3 22 22744
117 -457 1070 -9 -3 21 22776
118 -445 1054 -9 -3 22 22814
114 -444 1054 -8 -3 22 22836
105 -460 1063 -9 -4 23 22871
101 -470 1069 -8 -3 22 22905
100 -475 1074 -9 -2 22 22931
91 -488 1072 -10 -3 22 22963
92 -494 1073 -7 -3 22 22994
100 -495 1080 -8 -2 22 23024
108 -498 1058 -13 -3 22 23055
116 -490 1044 -7 -1 22 23089
105 -497 1072 -7 -1 23 23119
94 -517 1070 -9 -5 23 23150
98 -514 1069 -8 -3 22 23180
91 -509 1066 -9 -1 23 23210
85 -518 1086 -7 -2 22 23241
87 -506 1086 -8 -2 22 23271
88 -506 1083 -11 -5 23 23301
95 -492 1067 -9 -4 21 23332
87 -485 1080 -9 -1 23 23362
75 -505 1105 -8 -1 22 23393
72 -515 1088 -11 -2 22 23428
73 -521 1067 -13 -4 22 23453
75 -512 1019 -10 -3 22 23486
68 -512 1024 -8 -3 22 23517
63 -518 1052 -6 -2 22 23547
62 -512 1046 -11 -4 21 23576
71 -509 1005 -13 -7 20 23607
76 -500 1007 -7 -3 19 23640
48 -504 1069 -2 0 21 23669
31 -528 1131 -4 -2 23 23698
29 -524 1147 -9 -4 23 23728
25 -513 1121 -10 -6 22 23759
27 -497 1067 -8 -1 19 23795
34 -498 1042 -9 -3 18 23818
52 -501 1004 -9 -4 18 23850
62 -498 976 -8 -2 19 23881
46 -499 975 -7 -1 21 23909
26 -500 996 -3 -3 22 23938
10 -484 1011 -7 -2 21 23974
-2 -478 1014 -7 -4 20 23996
-16 -474 1008 -6 -4 19 24028
-24 -471 1019 -4 -4 17 24059
-36 -474 1038 -5 -1 17 24090
-36 -485 1060 -4 -2 17 24123
-36 -485 1049 -9 -3 17 24153
-33 -481 1029 -7 -3 15 24184
-28 -465 1031 -2 -1 15 24215
-32 -454 1046 -5 1 14 24246
-44 -461 1051 -7 -2 15 24276
-40 -457 1027 -6 -2 15 24308
-62 -454 1015 -6 -4 17 24344
-63 -456 1014 -2 -2 17 24368
-75 -439 1028 -3 -1 15 24403
-87 -430 1042 -5 -2 13 24432
-88 -410 1032 -4 -1 12 24464
-89 -396 1008 -6 0 12 24498
-91 -398 1000 -4 -3 12 24525
-90 -398 993 -2 -2 13 24556
-102 -403 1028 -2 -2 14 24587
-112 -399 1027 -5 -1 13 24620
-119 -398 1011 -9 -3 12 24656
-111 -402 985 -3 -3 11 24683
-106 -406 985 -2 2 10 24715
-104 -428 1005 -5 0 9 24744
-106 -440 996 -5 -1 11 24774
-108 -446 984 -6 -2 12 24805
-119 -450 998 0 -1 12 24839
-126 -444 1003 -1 0 12 24866
-146 -446 1045 -2 -1 13 24900
-150 -439 1018 -6 -1 10 24930
-165 -435 1002 -7 -3 12 24964
-175 -439 981 -3 -2 12 24995
-180 -432 964 -2 -3 11 25032
-208 -428 977 -3 -5 11 25058
-219 -403 947 -4 -4 11 25089
-237 -383 955 1 -3 10 25120
-244 -373 977 3 -2 9 25150
-260 -354 995 1 -2 6 25180
-278 -343 1007 -4 0 5 25209
-278 -340 959 -8 1 3 25238
-267 -343 944 -2 -2 2 25268
-256 -349 926 2 -1 4 25298
-224 -353 908 1 0 4 25326
-192 -357 918 0 -2 2 25353
-190 -345 927 1 -3 2 25384
-204 -313 925 3 -2 6 25413
-227 -294 982 7 -3 8 25442
-256 -260 1016 8 -9 8 25477
-251 -239 1003 -1 -8 6 25499
-235 -228 976 -4 -10 1 25535
-226 -204 936 1 0 5 25567
-179 -194 950 2 5 7 25591
-115 -212 1015 4 1 3 25620
-105 -238 1028 0 2 0 25650
-132 -266 1008 -7 11 1 25678
-149 -288 1005 -9 8 -6 25709
-250 -286 1040 1 -4 -6 25740
-267 -241 1032 6 -6 4 25774
-260 -213 1023 1 -4 7 25801
-238 -183 1021 -5 -2 5 25834
-233 -171 984 -4 -1 5 25864
-232 -176 967 -1 1 4 25895
-238 -187 971 -1 0 1 25922
-238 -194 974 -1 -1 -1 25950
-228 -192 961 -1 1 -1 25985
-228 -192 963 -3 1 -1 26015
-230 -209 978 1 -2 0 26043
-214 -214 961 -1 0 1 26073
-212 -222 958 -5 0 1 26106
-217 -230 966 -2 -3 0 26129
-224 -215 960 2 -2 3 26163
-216 -207 965 0 0 3 26189
-217 -202 967 -1 -4 1 26223
-216 -198 962 -1 -3 1 26246
-220 -205 976 2 -1 2 26278
-218 -203 991 2 -2 1 26307
-213 -203 1001 -2 -1 0 26337
-207 -194 957 -5 0 0 26368
-206 -200 949 -1 0 1 26397
-212 -211 971 5 -3 2 26426
-215 -203 993 3 -1 3 26456
-224 -195 979 -7 1 2 26491
-229 -194 968 -7 2 0 26513
-240 -193 959 0 -2 0 26542
-247 -195 977 4 -1 1 26572
-241 -194 1003 2 0 1 26601
-238 -189 989 -4 0 -1 26633
-234 -196 966 -8 1 -1 26661
-244 -213 965 4 -2 1 26690
-238 -219 988 6 1 2 26719
-240 -220 1014 1 1 1 26746
-247 -213 999 -6 -1 0 26778
-248 -204 985 -5 -1 0 26806
-248 -203 958 -1 1 1 26839
-247 -204 967 1 -1 1 26864
-248 -222 988 1 -1 1 26895
-248 -211 994 -1 -1 1 26925
-255 -202 991 -5 0 0 26955
-256 -206 978 -3 -1 -1 26983
-253 -198 981 0 1 -1 27015
-244 -207 993 1 0 -2 27045
-237 -206 1001 -1 -1 -1 27072
-236 -214 997 -1 1 0 27107
-235 -214 982 -1 -1 1 27138
-234 -213 983 -3 0 -1 27169
-247 -213 993 -1 -1 0 27193
-244 -204 984 0 0 2 27227
-238 -200 986 0 1 1 27252
-241 -201 976 -1 -2 0 27280
-239 -207 978 -1 -1 0 27311
-238 -200 983 3 -1 0 27341
-228 -190 983 -1 0 0 27370
-233 -193 989 -3 2 0 27399
-230 -192 972 0 -1 0 27429
-228 -188 967 -1 0 0 27457
-241 -195 975 0 -1 1 27487
-230 -197 971 0 -1 1 27516
-229 -192 977 0 -2 0 27545
-232 -191 976 0 -1 0 27574
-239 -193 985 0 1 0 27604
-240 -192 1000 1 1 0 27629
-250 -182 1003 -2 0 0 27660
-253 -185 994 -4 -2 0 27696
-246 -190 979 -2 -2 0 27720
-241 -187 968 0 -1 1 27751
-242 -193 976 1 -3 1 27780
-236 -193 969 -3 0 0 27809
-243 -191 977 -2 -1 0 27839
-236 -196 965 -1 0 0 27868
-239 -197 968 -2 1 -1 27898
-238 -199 982 -1 -2 -1 27927
-243 -194 997 1 -2 0 27959
-245 -189 1009 0 -3 1 27988
-240 -199 1014 -2 -3 0 28019
-236 -192 996 -3 0 -1 28054
-226 -199 986 -1 0 -1 28079
-209 -202 966 -1 1 0 28112
-207 -205 965 -1 0 0 28137
-211 -208 974 -1 1 1 28168
-223 -209 986 1 0 1 28198
-239 -205 986 -2 0 1 28230
-241 -199 981 -3 0 0 28253
-250 -192 980 0 -1 0 28291
-250 -191 989 2 -2 0 28313
-239 -181 995 0 -1 0 28341
-229 -193 993 -3 0 -1 28371
-223 -199 986 -1 1 -1 28402
-223 -205 985 0 3 0 28431
-227 -210 999 -1 1 0 28460
-230 -210 999 -1 -2 -1 28486
-234 -207 978 -2 -1 0 28522
-235 -210 974 -1 -3 1 28550
-224 -216 966 -1 -3 1 28580
-230 -214 975 1 -1 1 28610
-226 -217 996 0 1 1 28640
-222 -218 1005 -2 3 0 28666
-216 -230 1009 -3 1 -2 28699
-202 -235 991 0 -2 -2 28729
-181 -244 986 0 -1 -1 28769
-174 -250 986 -2 -2 1 28791
-173 -257 983 -3 -2 3 28819
-174 -264 983 -1 -2 4 28849
-177 -267 997 0 -2 4 28880
-175 -262 1010 -2 -1 2 28908
-171 -255 1014 -3 -1 2 28939
-161 -254 1013 0 -1 2 28971
-151 -257 1003 -2 -1 2 29002
-133 -270 993 -4 -1 2 29032
-121 -285 985 -3 -1 3 29062
-120 -292 992 0 -1 5 29093
-123 -284 1014 0 -1 7 29122
-133 -276 1029 -4 1 6 29152
-142 -268 1043 -2 0 5 29182
-140 -257 1044 -1 -1 4 29213
-129 -253 1024 -5 -2 4 29246
-121 -264 1012 -2 -2 5 29278
-112 -269 1008 -1 1 7 29306
-118 -274 1007 -5 0 6 29336
-127 -276 1007 -5 0 5 29366
-135 -274 1024 0 1 6 29396
-133 -270 1053 1 3 6 29426
-126 -272 1047 -5 1 3 29455
-121 -276 1000 -10 -2 3 29485
-115 -285 965 -2 -7 5 29517
-103 -286 966 5 -5 8 29547
-96 -285 1003 2 -1 10 29577
-105 -279 1041 -4 1 7 29606
-117 -258 1020 -9 1 6 29636
-133 -257 1035 -3 -3 5 29666
-126 -249 1022 3 -3 6 29698
-94 -263 1052 -3 1 4 29728
-90 -283 1069 -1 -2 4 29757
-71 -266 1011 -11 -1 4 29787
-84 -283 987 -4 -4 7 29825
-80 -276 972 -3 -3 9 29847
-87 -278 1020 3 1 11 29877
-99 -261 1067 3 0 9 29909
-101 -235 1068 -11 2 5 29934
-112 -248 1074 -7 -1 4 29965
-109 -237 1058 5 -2 7 29996
-75 -243 1039 -6 0 6 30027
-73 -278 1041 -5 -3 6 30056
-56 -274 996 -1 -3 7 30086
-59 -281 1009 -3 0 8 30122
-63 -281 1013 -1 -1 7 30143
-63 -263 1011 -2 1 9 30175
-77 -265 1035 -3 -1 9 30203
-81 -259 1049 0 -2 8 30233
-76 -243 1052 -4 0 9 30262
-74 -264 1062 -5 -2 7 30293
-59 -271 1038 -3 -3 7 30322
-49 -264 1013 -6 1 8 30355
-38 -283 1006 -4 -2 7 30382
-23 -290 1007 -2 -1 8 30415
-22 -296 1041 -1 2 9 30441
-29 -296 1055 -5 2 10 30470
-38 -297 1059 -5 -1 10 30502
-35 -287 1042 -4 -2 11 30531
-33 -292 1056 -2 -1 10 30563
-26 -287 1048 -4 -1 10 30594
-29 -300 1027 -7 -2 11 30628
-26 -310 1022 -3 -3 11 30655
-27 -316 1044 -2 2 12 30690
-38 -317 1055 -5 1 11 30719
-44 -306 1041 -7 -2 11 30749
-43 -302 1016 -4 -2 11 30779
-36 -301 1016 -1 -1 11 30811
-36 -305 1036 -3 0 11 30842
-43 -308 1045 -5 -1 11 30879
-45 -303 1044 -5 0 11 30901
-50 -300 1033 -6 -1 12 30933
-64 -299 1044 -2 -1 11 30967
-67 -291 1059 -3 1 11 30997
-66 -290 1057 -7 0 10 31026
-59 -295 1034 -8 -2 9 31057
-46 -300 1015 -4 -3 10 31086
-36 -304 1025 -1 0 10 31118
-24 -300 1035 -5 1 10 31148
-33 -297 1040 -7 0 10 31178
-43 -286 1039 -3 -1 12 31208
-45 -276 1036 -3 -1 12 31240
-51 -276 1050 -3 -1 11 31270
-49 -273 1074 1 0 11 31301
-40 -260 1063 -6 0 10 31330
-45 -279 1024 -7 -4 10 31363
-39 -279 998 -4 -4 11 31391
-47 -284 1023 2 -2 13 31427
-42 -271 1037 -5 1 11 31453
-55 -267 1045 -7 -1 10 31483
-51 -258 1032 -3 -2 10 31513
-52 -256 1038 -4 0 10 31545
-45 -266 1041 -4 -1 9 31576
-35 -270 1027 -6 -2 10 31605
-44 -286 1043 -3 -1 11 31636
-39 -280 1048 -1 -1 12 31667
-40 -276 1052 -9 0 10 31700
-47 -272 1023 -8 -3 10 31728
-41 -261 1030 2 0 12 31762
-32 -260 1048 -1 2 12 31788
-51 -284 1066 -8 -1 10 31825
-47 -280 1054 -4 -2 11 31851
-39 -279 1059 -3 -1 12 31882
-33 -283 1076 -3 1 10 31913
-28 -272 1050 -9 0 11 31954
-36 -275 1028 -8 -1 11 31976
-39 -281 1017 -1 -3 12 32005
-33 -276 1030 -1 1 14 32036
-40 -278 1055 -5 2 12 32066
-56 -280 1037 -8 -3 11 32101
-63 -274 1012 -6 -3 12 32126
-3330 -4605 3762 5887 -21504 11519 32161
-55 -329 1050 -1 2 12 32205
-53 -326 1065 -7 1 12 32232
-58 -331 1060 -9 -2 10 32262
-40 -317 1028 -4 -2 11 32294
-25 -313 1032 -2 -1 11 32325
-14 -317 1028 -7 0 12 32358
-18 -324 1030 -8 0 13 32385
-21 -337 1050 -1 -2 14 32419
-26 -336 1052 -8 0 14 32448
-40 -336 1047 -7 -2 13 32481
-34 -305 1022 -3 -3 14 32509
-33 -302 1030 -6 -2 14 32541
-36 -314 1037 -3 0 13 32571
-29 -310 1045 -5 0 13 32601
-31 -330 1040 -8 -2 12 32632
-23 -335 1015 -6 -3 12 32663
-14 -328 1024 -2 0 14 32694
-30 -329 1043 -4 -2 14 32726
-38 -322 1072 -3 -1 14 32756
-34 -306 1070 -6 0 14 32787
-36 -308 1051 -9 -2 12 32817
-32 -310 1028 -5 -2 13 32848
-31 -310 1042 0 0 15 32879
-38 -322 1043 -6 -1 14 32909
-49 -336 1039 -7 -3 14 32940
-39 -324 1018 -5 -2 15 32971
-38 -323 1021 -5 0 12 33007
-38 -318 1033 -3 -1 12 33031
-45 -308 1070 -4 0 14 33065
-47 -310 1091 -4 0 13 33091
-47 -301 1082 -6 1 13 33125
-48 -301 1051 -8 -2 12 33155
-45 -309 1013 -7 -4 13 33186
-43 -313 995 -3 -1 14 33216
-55 -315 1027 0 0 15 33246
-71 -306 1028 -6 2 14 33276
-93 -296 1014 -9 -1 13 33305
-102 -280 990 -3 -4 13 33337
-96 -275 969 -4 -3 12 33368
-91 -287 994 -4 -1 11 33399
-86 -295 1038 0 1 12 33428
-78 -302 1084 -3 4 11 33457
-81 -315 1113 -9 4 8 33488
-81 -309 1064 -11 -1 7 33517
-74 -315 1033 0 -7 11 33553
-68 -315 1029 6 -5 14 33577
-47 -298 1065 -2 2 15 33609
-69 -309 1085 -10 4 12 33638
-89 -303 1038 -8 0 11 33671
-94 -301 1016 -6 -4 12 33698
-75 -308 991 -1 -1 11 33737
-67 -297 1005 -2 2 12 33761
-83 -297 1036 -5 2 14 33792
-112 -298 1040 -6 -1 13 33831
-119 -293 1037 -4 -2 13 33854
-118 -285 1028 -4 -1 11 33886
-111 -279 1006 -6 -3 9 33920
-110 -280 1002 -2 -3 11 33950
-113 -281 995 -3 -1 12 33982
-113 -296 1038 -2 -1 11 34013
-107 -294 1040 -4 -1 10 34045
-106 -295 1022 -1 -1 9 34097
-96 -287 1028 2 -1 11 34122
-94 -285 1047 -1 1 12 34146
-102 -296 1069 -7 1 10 34172
-104 -291 1043 -5 -3 11 34200
-96 -286 1017 -6 -2 11 34233
-107 -299 1019 -3 0 11 34263
-101 -287 1022 -3 0 11 34295
20227 -10574 32639 24320 8191 29694 34328
-115 -287 1007 -3 -3 11 34372
-115 -288 1032 -2 3 11 34403
-109 -294 1057 -4 2 9 34434
-106 -293 1049 -8 0 8 34464
-96 -301 1046 -2 -1 10 34497
-96 -297 1041 -1 0 11 34524
-97 -305 1038 -8 1 11 34558
-110 -308 1018 -4 -4 12 34586
-112 -295 1005 -2 -3 13 34622
-122 -290 1002 -6 2 12 34650
-132 -293 1020 -4 0 11 34682
-154 -290 1023 -5 0 11 34715
-152 -292 1018 -5 -3 9 34742
-133 -293 1011 -4 -2 8 34777
-123 -293 1045 -1 1 9 34807
-115 -280 1075 -5 2 9 34837
-103 -290 1071 -10 1 7 34866
-107 -302 1051 -5 0 9 34898
-103 -305 1031 -4 0 11 34927
-107 -322 1022 -6 -2 10 34959
-120 -316 1022 -3 -2 13 34991
-125 -296 1004 -7 0 12 35026
-137 -299 1000 -6 -4 10 35055
-132 -290 982 -5 -2 9 35087
-114 -290 994 -6 -2 9 35117
-101 -297 1007 -5 -2 10 35153
-84 -300 1018 -7 -1 10 35178
-74 -335 1047 -5 -1 9 35213
-63 -345 1053 -5 0 10 35240
-53 -355 1072 -8 -2 10 35273
-41 -354 1056 -8 -5 11 35302
-18 -353 1050 -6 -4 11 35334
-4 -358 1073 -3 0 12 35365
-6 -355 1107 -4 1 14 35393
-12 -355 1083 -13 -2 15 35423
-8 -362 1045 -9 -8 15 35456
11 -351 1018 -3 -3 16 35486
0 -351 1063 -4 1 16 35521
-13 -343 1081 -5 0 17 35545
-24 -329 1078 -10 -1 17 35575
-37 -329 1050 -9 -3 17 35606
-37 -319 1040 -4 -2 16 35637
-36 -318 1052 -4 1 15 35678
-47 -323 1052 -8 -2 15 35704
-42 -323 1034 -8 -3 15 35734
-44 -324 1049 -3 -1 16 35761
-48 -322 1081 -4 3 16 35793
-57 -314 1083 -9 0 15 35822
-58 -309 1050 -9 -4 14 35852
-56 -312 1017 -5 -3 16 35884
-51 -313 1009 -4 0 15 35916
-52 -316 1032 -5 2 15 35945
-60 -315 1044 -6 0 16 35975
-70 -315 1045 -7 -1 15 36006
-70 -302 1031 -5 -1 14 36040
-65 -293 1019 -8 -2 13 36068
-76 -291 1023 -4 -1 14 36099
-69 -292 1044 -2 1 16 36131
-77 -304 1055 -9 2 15 36160
-96 -320 1045 -9 -2 14 36190
-96 -303 1039 -1 -3 15 36228
-92 -295 1045 -1 -1 13 36251
-81 -283 1057 -8 3 12 36286
-89 -286 1056 -8 1 13 36313
-95 -301 1030 -5 -1 15 36347
-93 -302 1021 -4 0 14 36374
-104 -300 1017 -5 0 13 36408
-110 -294 1026 -2 0 14 36437
-122 -273 1017 -3 0 15 36469
-143 -266 998 -7 -2 14 36499
-159 -265 975 -4 -4 13 36531
-155 -260 961 -2 -1 13 36562
-150 -266 976 -5 -1 11 36595
-150 -270 987 -5 -1 11 36622
-152 -273 994 -2 -1 11 36658
-156 -268 1023 -2 -1 11 36687
-153 -264 1048 -4 -1 10 36718
-145 -259 1035 -7 -2 10 36757
-144 -261 1022 -8 -3 10 36782
-147 -266 1006 -2 -2 12 36817
-145 -268 1006 -3 1 12 36847
-155 -270 1020 -6 1 10 36879
-166 -267 1030 -3 -2 9 36910
-165 -238 1003 -6 0 9 36944
-170 -244 997 -9 0 9 36970
-168 -257 970 -4 -3 10 37003
-172 -260 982 -1 -2 11 37030
-175 -278 1014 -3 0 10 37065
-171 -281 1017 -7 0 8 37094
-177 -283 1011 -6 0 7 37125
-188 -291 994 -4 -1 9 37155
-181 -317 994 -4 -2 9 37184
-171 -353 977 -6 -2 9 37215
-175 -395 971 -7 0 11 37249
-175 -429 948 -9 -2 12 37279
-178 -453 970 -4 -5 14 37306
-171 -467 991 0 0 13 37338
-161 -457 1028 -3 5 10 37368
-168 -442 1041 -8 0 8 37398
-172 -430 1012 -8 -3 11 37428
-159 -436 985 -3 -2 14 37462
-162 -456 1009 -2 1 14 37493
-181 -463 1018 -6 1 15 37522
-197 -467 998 -9 -4 15 37554
-196 -461 957 -5 -1 13 37590
-195 -458 954 -3 2 12 37622
-194 -463 963 -5 1 11 37646
-200 -473 977 -5 0 12 37677
-190 -470 967 -7 -1 13 37707
-194 -490 962 -8 -1 13 37740
-185 -508 976 -3 -1 13 37769
-168 -515 986 -5 -1 12 37804
-150 -516 990 -9 -2 11 37833
-123 -512 972 -8 -2 12 37863
-119 -517 981 -6 -1 14 37894
-126 -527 1008 -6 -2 16 37925
-127 -535 1025 -8 -4 16 37960
-121 -533 1008 -7 -1 15 37989
-115 -533 1026 -5 -1 14 38022
-117 -530 1029 -7 0 15 38054
-100 -534 1028 -7 -3 15 38088
-90 -532 1010 -5 2 16 38118
-87 -540 1038 -6 -1 17 38148
-85 -541 1022 -8 -1 16 38179
-85 -529 989 -9 -2 18 38210
-92 -532 983 -7 -2 18 38240
-107 -533 995 -4 1 18 38271
-127 -525 1007 -5 -3 19 38301
-137 -513 995 -11 -5 18 38339
-133 -495 981 -8 -3 17 38365
-137 -490 996 -4 0 15 38397
-133 -503 1009 -6 1 13 38426
-123 -515 1007 -8 -3 12 38458
-100 -520 998 -5 -2 13 38490
-99 -516 1008 -3 3 14 38521
-125 -513 1036 -5 2 16 38551
-171 -486 1032 -4 -2 20 38585
-188 -458 1005 -3 -2 23 38615
-203 -445 979 -6 -2 17 38647
-224 -434 955 -7 -2 13 38678
-248 -425 944 -5 -1 12 38710
-248 -421 939 -4 -4 11 38741
-244 -430 935 -4 -1 10 38774
-240 -428 921 -5 2 8 38803
-255 -430 935 -4 -1 8 38833
-263 -422 940 -4 -4 7 38866
-262 -433 947 -4 -4 8 38892
-251 -452 953 -4 -3 8 38927
-234 -472 956 -6 -5 7 38953
-218 -486 959 -5 -5 7 38984
-193 -486 969 -3 -3 6 39013
-178 -483 980 -3 0 5 39044
-180 -480 997 -6 0 6 39073
-182 -481 998 -5 -4 8 39101
-170 -483 987 -4 -5 9 39132
-163 -485 984 -4 -3 9 39163
-165 -485 996 -4 -2 9 39192
-175 -477 1002 -3 -3 10 39222
-183 -465 997 -7 -3 10 39254
-197 -463 1008 -2 0 10 39286
-207 -452 1005 0 1 9 39316
-223 -445 1016 -7 -2 7 39346
-221 -437 991 -4 -5 7 39377
-206 -426 947 -4 0 8 39414
-219 -434 957 -3 0 8 39439
-227 -439 958 -3 -1 9 39471
-237 -449 968 -1 0 9 39500
-239 -446 950 -2 -1 7 39525
-245 -437 940 -6 -2 5 39555
-245 -426 924 -3 -2 5 39585
-235 -414 917 -2 0 6 39615
-253 -417 975 2 1 7 39645
-256 -410 975 -5 10 7 39673
-268 -408 978 -16 17 4 39702
-290 -415 977 -9 2 3 39734
