-369 -182 981 -5 3 -4 6
-365 -204 997 -2 3 -5 29
-340 -207 997 1 2 -6 51
-312 -207 994 3 -1 -6 73
-298 -189 1002 5 -4 -6 95
-304 -178 1009 7 -7 -3 120
-307 -180 928 3 -7 -2 152
-315 -187 893 1 -8 -1 174
-312 -212 916 5 -6 -1 209
-307 -213 976 3 -2 -4 238
-310 -192 993 1 2 -4 260
-300 -159 954 -3 0 -3 288
-288 -140 915 -2 1 -3 314
-263 -152 905 1 0 -3 346
-270 -155 959 1 -1 -4 369
-289 -136 1037 0 2 -3 398
-297 -139 989 -6 1 -2 427
-277 -153 900 -3 -2 -2 456
-249 -173 890 3 -2 -3 482
-229 -208 968 9 0 -4 512
-255 -204 1071 7 -5 -3 539
-279 -139 1036 1 -4 -4 569
-271 -88 950 -4 2 -1 597
-233 -83 889 2 4 2 625
-224 -112 885 0 4 1 648
-243 -148 933 -1 -2 -1 680
-263 -126 910 -8 -4 2 705
-262 -127 866 -12 -4 2 731
-262 -143 884 -1 0 -3 764
-260 -149 949 4 4 -4 789
-238 -169 1018 3 -5 0 817
-212 -103 1037 2 1 -4 845
-207 -104 997 1 2 -2 874
-195 -140 933 -5 -2 0 898
-185 -126 924 -11 -7 0 928
-168 -204 1050 9 -3 1 964
-171 -191 1031 3 -8 3 986
-174 -129 1029 -4 4 -4 1014
-175 -172 1063 3 4 -3 1044
-176 -132 1016 1 0 0 1073
-189 -92 990 2 3 -2 1100
-185 -103 946 -3 0 -2 1128
-167 -60 963 -4 -2 -1 1157
-175 -21 1020 1 -1 -1 1186
-159 -101 961 -8 -1 2 1222
-175 -88 902 -2 1 1 1244
-182 -111 917 3 -2 0 1272
-194 -116 974 4 -4 -1 1298
-185 -102 1076 3 1 -4 1331
-165 -99 1042 -1 -1 -4 1356
-142 -89 952 1 2 0 1388
-119 -123 850 9 -6 4 1414
-134 -134 811 4 -7 7 1443
-147 -101 898 3 -6 3 1471
-136 -138 981 0 -2 2 1496
-175 -102 1058 -3 0 -3 1526
-190 -55 1020 -6 4 -2 1557
-160 -60 992 -5 6 -1 1585
-103 -71 1042 3 8 -3 1614
-106 -150 1085 -2 -1 0 1642
-150 -103 1082 -8 -2 1 1672
-158 -145 1029 -4 -4 3 1702
-154 -143 951 5 -5 0 1732
-143 -186 893 4 -3 3 1764
-143 -190 936 5 -8 0 1791
-155 -121 1025 9 -4 -3 1815
-165 -56 1138 1 3 -3 1848
-166 -5 1073 -3 4 0 1874
-147 14 905 -5 6 10 1902
-101 22 791 -8 11 8 1929
-97 1 797 -13 14 3 1954
-174 -131 989 -14 -6 6 1988
-175 -132 1059 -10 -4 -3 2010
-167 -193 1042 -11 1 -7 2044
-154 -161 971 -1 -3 -5 2077
-121 -182 996 9 1 -7 2104
-81 -228 1002 9 -6 -7 2133
-71 -160 979 1 -10 4 2163
-121 -96 1008 4 -6 1 2190
-133 -91 1011 -4 6 5 2219
-126 -148 932 -8 -1 9 2247
-132 -111 928 -4 2 6 2280
-114 -131 1001 0 1 2 2302
-109 -133 1044 -5 -1 2 2333
-124 -155 995 -14 -7 2 2362
-101 -140 993 -6 -4 -1 2392
-62 -221 1121 4 6 -3 2423
-97 -260 1209 -4 3 -7 2452
-149 -171 1088 -7 3 4 2480
-153 -172 834 -5 -4 15 2509
-86 -99 648 -2 5 21 2539
-137 -137 733 8 -8 19 2567
-183 -360 955 4 -9 3 2596
-177 -333 1056 2 0 -2 2622
-188 -142 1095 -2 -10 -3 2654
-146 -194 1002 8 1 -7 2685
-63 -245 1053 11 0 -11 2719
-27 -165 1118 6 1 -1 2744
-31 -137 1077 -1 -1 10 2770
-85 -88 870 -4 1 14 2805
-92 -122 847 -2 0 19 2834
-128 -159 879 -4 -1 14 2856
-184 -195 992 -5 -3 8 2888
-184 -141 1061 -6 2 5 2916
-152 -143 1119 -5 5 2 2946
-117 -167 1142 -7 1 -7 2975
-65 -174 1135 -3 -6 -8 3006
-38 -154 1074 -22 -11 -2 3035
-15 -155 880 -28 -7 11 3067
-15 -135 764 -16 -4 23 3098
-90 -210 806 5 -6 29 3128
-217 -339 862 22 0 18 3156
-227 -264 945 27 2 4 3185
-162 -172 1013 15 3 0 3213
-132 -185 991 -2 5 -1 3243
-82 -166 969 -2 -1 -8 3272
-33 -129 1056 0 3 -5 3300
-41 -150 1146 -11 -2 3 3327
-116 -127 1063 -8 -4 11 3365
-97 -123 933 3 0 17 3394
-109 -211 884 6 0 18 3415
-126 -258 906 5 -5 4 3445
-111 -251 997 0 -3 4 3474
-103 -227 1050 -4 -3 2 3501
-108 -161 1052 -1 2 4 3531
-100 -146 1012 -1 4 4 3561
-68 -155 979 -5 -1 5 3590
-53 -136 978 -1 -5 4 3616
-50 -159 1034 -3 0 7 3646
-81 -179 1023 -8 -3 9 3674
-107 -156 1012 -3 1 7 3704
-79 -219 976 1 4 10 3732
-90 -225 928 -3 1 10 3759
-95 -221 937 -1 2 6 3790
-87 -240 976 -3 0 6 3813
-87 -197 1024 -4 -2 5 3841
-84 -199 1016 -2 -2 9 3874
-77 -174 977 -1 -1 7 3899
-51 -194 965 1 0 8 3928
-70 -185 953 -1 0 8 3952
-77 -227 969 -2 -3 12 3980
-88 -190 1019 1 0 9 4010
-94 -188 1039 -4 3 7 4037
-73 -226 993 -8 0 10 4063
-43 -213 963 -2 0 7 4093
-36 -249 1006 3 1 8 4121
-71 -242 1016 -6 -2 11 4147
-84 -200 993 -3 -4 12 4177
-88 -225 988 0 -1 8 4207
-98 -206 1000 -3 -2 6 4232
-77 -198 1002 -5 -4 8 4262
-81 -145 1044 2 2 8 4292
-72 -183 993 -1 0 12 4318
-55 -145 928 -2 0 11 4347
-54 -189 902 -7 0 9 4375
-53 -231 903 -11 -2 12 4400
-75 -207 948 -8 -2 13 4430
-109 -254 1022 -3 -4 9 4468
-86 -250 1050 0 -4 5 4490
-53 -210 1069 7 1 3 4519
-24 -241 1000 -1 -6 11 4547
-12 -198 937 -6 -2 10 4577
-9 -260 984 -12 -1 11 4605
-46 -268 1113 -10 0 9 4635
-93 -209 1154 -4 1 12 4664
-76 -202 1037 -9 0 11 4694
-46 -186 958 -13 2 8 4721
18 -258 933 -13 -2 9 4750
14 -288 1071 -12 2 10 4778
-38 -301 1086 -10 -2 10 4808
-37 -297 1007 -6 -3 15 4839
-17 -337 978 3 2 11 4868
2 -390 992 4 -2 8 4896
24 -349 1028 5 -2 9 4921
9 -307 1021 4 -2 11 4952
0 -258 976 1 -1 14 4977
-9 -226 848 -13 0 19 5001
-1 -230 775 -15 0 19 5028
5 -332 842 1 0 12 5057
-31 -308 1075 20 1 10 5082
-98 -225 1081 0 -8 22 5111
-59 -178 958 -4 -6 16 5142
14 -194 976 0 -2 4 5167
99 -291 1101 -5 -3 3 5195
61 -228 1105 -17 -16 10 5224
49 -209 1058 -2 -9 9 5255
88 -320 1129 6 -3 11 5283
98 -337 1049 7 -8 14 5311
104 -306 960 11 -6 13 5337
150 -371 966 -2 4 11 5371
135 -361 1008 -1 3 10 5395
90 -246 934 -7 5 17 5425
33 -176 849 -22 7 26 5452
29 -146 875 -21 8 18 5485
55 -175 1077 -7 -3 17 5509
32 -142 1105 -7 -12 23 5536
-46 -24 1131 -35 -13 25 5573
77 -125 1298 -15 5 8 5599
150 -347 1481 -3 34 -9 5625
81 -566 1450 -36 -18 -18 5659
139 -397 1052 -25 -2 3 5689
224 -364 679 3 4 23 5719
176 -295 513 17 4 40 5745
72 -282 550 45 10 43 5774
-12 -457 825 38 1 40 5803
-61 -427 994 20 -8 23 5831
-99 -235 1130 4 13 0 5859
-68 -222 1206 -18 10 10 5888
14 -90 1094 -16 5 15 5920
98 -4 1017 -14 2 16 5947
143 -135 1080 -13 -1 14 5973
50 -276 1253 -12 -5 2 6011
28 -240 1286 -6 -7 12 6036
-28 -241 1224 -16 8 16 6062
-7 -316 1052 1 -7 17 6096
45 -313 1073 6 -8 14 6121
108 -354 1072 -3 0 9 6151
163 -347 987 -14 -12 5 6178
166 -276 950 3 15 13 6215
124 -317 994 3 20 17 6237
44 -271 929 -2 12 25 6266
28 -265 893 -3 14 25 6291
28 -314 998 -9 19 24 6320
-13 -312 1096 -9 0 14 6349
-41 -250 1038 -16 -6 22 6379
-46 -215 972 -18 -5 22 6409
-6 -233 995 -4 -9 13 6439
21 -293 1015 5 -6 12 6467
56 -305 985 9 -5 11 6496
90 -308 994 11 -3 8 6521
63 -358 1036 -1 -1 13 6555
13 -310 1016 -4 -2 17 6583
17 -319 1032 -5 -3 17 6606
39 -340 1124 -5 -2 13 6637
26 -295 1187 -3 1 12 6665
10 -209 1155 -4 -1 19 6694
31 -191 1079 -10 3 21 6724
87 -247 993 -11 1 18 6752
98 -271 986 -7 0 16 6779
62 -275 989 -5 2 19 6808
16 -253 940 -8 -3 21 6834
-9 -225 871 -4 -1 25 6863
-36 -251 913 1 -2 24 6891
-66 -261 953 -2 1 19 6917
-72 -219 1008 -7 0 12 6947
-42 -193 1070 -12 3 10 6976
-16 -223 1035 -18 0 16 7006
10 -221 -1 -20 -3 17 7037
41 -299 903 -8 -4 17 7065
47 -396 951 -2 -6 13 7090
8 -366 1056 0 -7 14 7121
-20 -367 1098 2 -7 15 7147
-10 -341 1079 2 -9 15 7176
19 -326 1041 1 -4 12 7206
49 -318 1058 -3 0 14 7234
39 -294 1059 -5 0 18 7262
19 -285 1035 -4 2 19 7290
7 -283 1024 -4 3 20 7317
-13 -283 949 -11 1 24 7345
15 -301 878 -6 -1 22 7380
12 -354 887 0 0 20 7403
13 -333 967 4 -3 16 7428
-9 -264 1056 3 0 14 7454
-56 -206 1067 -9 -2 17 7482
-36 -183 944 -16 -3 23 7512
21 -188 850 -4 0 20 7543
41 -337 913 -1 -3 16 7570
10 -334 1003 -9 -7 15 7602
-49 -276 1075 -10 -4 12 7627
-51 -342 1080 -7 -4 13 7659
-10 -295 1043 0 -4 12 7688
-13 -345 966 -6 -3 19 7718
14 -314 950 -14 -9 16 7747
29 -292 1013 -5 -6 14 7774
-2 -377 1160 -3 -7 14 7806
10 -292 1147 -1 -11 13 7833
46 -344 1076 4 2 16 7865
48 -352 1002 -3 2 19 7889
53 -368 923 -9 1 17 7919
39 -374 960 3 4 17 7946
-12 -347 973 -7 -1 21 7977
-51 -294 937 -12 0 18 8000
-56 -259 912 -3 6 23 8030
-63 -293 932 4 1 18 8059
-60 -307 864 2 0 18 8086
-51 -275 874 2 -4 16 8111
-51 -289 970 -13 -4 17 8149
-58 -286 1015 -17 -7 13 8172
-92 -240 1032 -6 -3 19 8203
-88 -289 970 -6 -8 23 8230
-24 -320 980 1 -6 16 8264
-15 -402 1078 2 -3 7 8287
-38 -399 1172 -9 -5 5 8317
-46 -281 1070 -13 -11 13 8347
22 -326 1072 4 -3 14 8379
-3 -356 1055 2 1 17 8407
-28 -303 992 -8 -4 15 8434
-17 -287 1011 -11 -3 15 8463
-45 -265 987 -11 0 16 8495
-50 -254 904 -10 -1 20 8524
-31 -279 909 2 5 15 8554
-25 -306 978 5 8 9 8579
-64 -278 1008 -7 3 12 8607
-98 -202 962 -16 1 14 8635
-65 -220 928 -8 1 12 8668
-54 -302 949 0 0 11 8693
-83 -253 963 1 -1 11 8718
-122 -222 984 -1 -3 12 8748
-123 -231 1040 -1 -2 9 8778
-143 -198 1096 2 4 6 8809
-147 -212 1049 -5 -3 10 8837
-104 -179 979 -1 -2 10 8868
-86 -197 933 1 -1 9 8898
-95 -198 944 -6 -9 10 8924
-113 -158 984 2 -5 8 8955
-123 -195 1063 5 0 5 8982
-144 -131 1024 -6 1 4 9010
-162 -134 937 -10 -2 9 9039
-127 -113 911 -1 1 11 9071
-115 -154 970 4 4 8 9096
-129 -167 1072 -13 2 1 9125
-146 -129 1107 -10 -1 3 9161
-127 -153 1053 -5 1 6 9186
-83 -238 922 1 -3 3 9221
-77 -225 916 3 0 1 9244
-116 -237 961 -5 1 2 9269
-135 -232 960 -13 -7 3 9296
-135 -158 973 5 -2 5 9329
-158 -206 1038 11 4 1 9353
-156 -143 1073 2 1 1 9385
-166 -71 977 -2 1 4 9413
-114 -113 889 -6 0 6 9439
-90 -88 934 -2 1 3 9468
-118 -120 1024 -3 1 1 9493
-145 -131 1111 -10 -1 -2 9522
-166 -123 1070 1 0 2 9557
-148 -148 1021 1 -2 1 9582
-123 -99 950 2 1 2 9612
-130 -116 892 0 -1 2 9638
-133 -76 911 2 2 4 9667
-150 -46 967 -4 -1 3 9690
-167 -79 965 -7 -1 1 9727
-173 -44 983 -3 3 1 9759
-173 -36 1018 -1 5 1 9781
-162 -108 1005 -6 2 -4 9805
-139 -105 977 -10 0 -7 9833
-127 -123 953 -7 -1 -4 9865
-128 -148 957 -5 -5 -5 9892
-111 -151 1006 5 -7 -3 9926
-133 -104 1095 5 -1 -5 9955
-171 -127 1036 -8 2 0 9985
-156 -126 999 -2 -13 1 10012
-111 -41 928 25 6 2 10047
-111 -156 1002 3 -3 0 10074
-108 -108 985 -11 -9 2 10102
-108 -13 1008 -9 0 -2 10136
-104 -143 985 -7 1 -5 10164
-92 -53 989 1 -3 -1 10195
-123 -79 1003 4 1 0 10223
-109 -108 1005 -2 -1 -3 10249
-83 -57 947 -2 -2 -2 10289
-100 -44 1099 -4 -1 -5 10313
-124 -84 1113 -8 8 -3 10344
-124 -77 1016 -2 -6 0 10374
-50 -59 966 19 2 0 10404
-42 -165 963 14 8 -3 10429
-43 -115 1026 -10 1 -9 10461
-64 -88 1073 -8 0 -5 10489
-131 -134 994 -3 -2 0 10523
-129 -72 939 5 -1 4 10548
-114 -109 924 12 3 3 10578
-100 -77 1020 -1 -1 -4 10608
-128 -5 991 -15 -4 3 10642
-123 -3 940 -14 -5 5 10666
-92 34 924 2 -2 4 10697
-104 -55 977 -1 0 -1 10722
-87 -75 1029 -3 1 -9 10752
-78 -79 1038 0 1 -7 10782
-86 -123 1049 -7 -3 -9 10813
-74 -132 1049 -3 -2 -9 10841
-39 -175 1054 11 -2 -6 10872
-79 -113 999 8 -1 1 10903
-101 -120 914 7 -6 4 10931
-73 -78 855 18 0 4 10963
-83 -67 911 17 5 5 10987
-121 -56 969 -7 -2 0 11014
-137 26 1001 -11 1 1 11043
-128 29 1029 -4 2 1 11073
-116 15 1052 -6 5 -1 11101
-93 -17 1002 -12 1 -2 11130
-49 -60 929 -8 -1 -5 11160
-32 -112 914 -1 -3 -6 11189
-61 -174 1000 0 -8 -8 11220
-97 -155 1084 7 -4 -6 11249
-104 -154 1056 8 -7 -4 11279
-65 -126 938 10 -9 0 11310
-25 -100 921 14 -3 -2 11344
-17 -75 1043 9 3 -3 11373
-80 -20 1098 -9 -2 1 11398
-95 29 1052 -15 3 5 11428
-68 -23 1017 -8 3 4 11454
-41 -60 990 -3 5 1 11489
-65 -44 1009 -7 6 1 11512
-60 -84 996 -13 2 0 11539
-26 -85 906 4 0 2 11566
-26 -99 913 7 0 2 11591
-30 -155 994 1 -4 -4 11618
-21 -141 1106 -5 -2 -7 11648
-63 -162 1127 -6 2 -7 11679
-74 -152 1114 -6 -3 -4 11709
-41 -118 1053 12 3 3 11740
-33 -148 998 4 0 2 11770
-38 -83 922 -3 -1 4 11796
-58 -69 862 -2 3 10 11824
-76 -80 929 -3 -4 10 11851
-99 -63 1017 5 0 -1 11888
-93 -71 1043 -1 0 1 11909
-87 -26 1039 -4 0 2 11938
-36 -25 984 -3 1 1 11966
16 -85 934 -5 -2 -1 11994
40 -94 988 -6 -5 -4 12019
49 -120 1062 -2 -7 -7 12048
26 -141 1089 -4 -7 -3 12079
-16 -128 1099 4 -2 0 12110
-27 -161 1071 5 -6 2 12139
-15 -118 978 5 -5 4 12167
0 -102 897 0 -5 6 12195
22 -46 887 3 -4 7 12223
18 5 942 5 1 8 12246
16 -22 1033 0 2 5 12269
29 -23 1135 -11 -2 1 12296
55 -10 1169 -6 2 -2 12326
77 -108 1134 -14 1 -4 12354
95 -140 1032 -16 -5 -7 12383
114 -163 990 1 0 -2 12421
107 -211 1031 4 -2 -2 12444
71 -225 1109 1 1 -1 12473
4 -177 1093 0 -5 1 12501
-19 -148 988 -1 -3 4 12528
31 -139 887 9 -1 6 12557
80 -101 926 19 6 4 12584
54 -108 1033 -4 3 7 12612
6 -20 1058 -11 -1 3 12640
3 23 1034 -4 5 7 12666
-6 -74 920 -5 4 13 12693
4 -139 820 -2 1 10 12720
39 -121 910 14 7 7 12751
31 -218 1107 7 5 -1 12773
-2 -199 1224 -14 -5 -9 12802
-18 -127 1116 -13 -12 -3 12833
42 -145 1035 13 -6 5 12869
39 -180 1063 22 3 4 12894
19 -138 1074 2 -8 7 12929
-6 -73 988 0 -5 10 12955
-8 -33 885 0 9 19 12979
-6 -79 958 2 8 16 13003
-33 -64 1052 0 2 7 13031
-17 -101 1041 -13 1 7 13058
5 -74 1019 -13 -1 6 13089
10 -36 998 -10 3 6 13114
25 -95 962 -17 3 9 13143
65 -92 929 -14 6 5 13170
16 -99 951 4 -2 9 13203
18 -138 1036 -1 -4 2 13227
8 -91 1076 -7 -5 3 13251
14 -112 1095 -8 -4 3 13279
31 -140 1070 -5 4 4 13309
42 -173 1072 -4 0 -1 13337
51 -176 1123 -6 -1 -1 13366
22 -195 1048 -5 -7 4 13396
38 -176 901 1 -7 10 13426
51 -176 848 11 -8 12 13451
42 -199 985 18 -3 7 13487
1 -152 1054 7 -5 3 13511
-3 -38 996 -5 -7 7 13537
-3 -5 938 -5 1 13 13563
31 8 953 0 3 12 13590
65 -28 1057 -5 3 8 13615
57 -30 1105 -14 6 7 13640
34 -28 1156 -21 0 4 13669
27 -83 1092 -14 1 3 13697
42 -162 1056 -1 -2 1 13726
44 -213 1050 5 -3 2 13754
-258 -1710 1095 2 -2 -258 13781
-10 -183 1025 6 -6 6 13819
-38 -175 1007 6 -2 8 13847
-31 -105 1006 9 2 7 13875
0 -39 1016 5 3 8 13904
15 -31 981 -6 4 11 13927
30 -47 912 -11 4 13 13956
30 -40 978 -2 9 8 13984
-10 -74 1054 -14 9 5 14014
-43 -98 1044 -23 6 5 14037
-73 -70 995 -19 1 8 14068
-46 -151 971 -1 1 5 14095
-13 -209 969 3 -3 0 14123
7 -187 1012 -2 -7 2 14152
-3 -168 1051 -1 -7 1 14179
-2 -178 1066 -3 -7 3 14209
1 -165 1001 2 -9 6 14238
18 -190 1042 8 -3 6 14265
26 -200 1124 1 -1 3 14294
13 -169 1174 -1 2 2 14322
4 -142 1150 -2 5 5 14347
-7 -141 1009 -5 2 12 14376
12 -127 887 -7 4 14 14407
24 -181 895 -5 5 10 14433
5 -195 1003 -4 -3 5 14462
-61 -119 1097 -4 -1 8 14493
-80 -115 1031 -4 -4 13 14530
-56 -103 938 -1 0 15 14552
-8 -127 891 2 2 8 14581
24 -140 950 -2 0 3 14605
-4 -117 974 -17 -1 7 14633
-51 -100 957 -16 -5 10 14663
-49 -125 944 1 -3 14 14693
-70 -241 984 2 -5 7 14723
-48 -201 1022 -2 -4 2 14751
-33 -214 1060 -7 -4 0 14781
9 -237 1049 -12 -9 0 14811
52 -218 1039 3 -7 5 14841
65 -282 1115 11 -6 4 14869
28 -236 1172 9 -3 4 14898
3 -184 1105 5 -7 12 14930
0 -160 981 1 -8 18 14953
14 -136 799 0 4 25 14980
26 -230 867 7 7 14 15008
13 -238 1005 4 5 5 15033
-49 -74 1114 -8 -2 7 15068
-62 -50 1075 -10 -1 12 15091
-1 -47 1015 -6 -2 13 15123
76 -63 966 3 -1 9 15151
105 -95 999 -6 0 9 15178
94 -46 1026 -10 -3 9 15202
59 -38 1041 -8 -3 10 15233
32 -79 998 -5 -4 13 15263
21 -91 951 0 -4 14 15291
20 -103 961 5 -1 11 15317
35 -132 918 0 0 7 15346
51 -102 920 -3 0 5 15370
71 -64 992 -7 4 7 15399
76 -136 1038 -13 0 3 15425
72 -108 1034 -10 -2 3 15452
34 -156 1071 -4 0 5 15486
36 -161 1102 -4 -5 2 15512
50 -148 1127 5 -2 5 15541
49 -144 1132 1 -7 6 15569
52 -84 1095 2 -3 9 15602
56 -106 1041 1 -2 9 15625
62 -111 996 0 -2 9 15651
49 -115 976 2 1 10 15680
19 -111 954 -2 4 12 15707
6 -81 959 -1 7 11 15735
-4 -67 994 -1 8 9 15759
-20 -70 1034 -8 6 7 15786
-37 -42 1025 -8 6 8 15815
-32 -88 1016 -4 2 7 15843
-24 -73 1040 0 2 5 15869
-59 -84 1039 -4 1 6 15898
-53 -125 984 -3 -5 10 15926
-36 -71 935 9 -4 10 15956
-48 -149 950 4 -3 8 15984
-26 -119 1009 -1 -5 6 16012
-61 -79 1048 1 -2 7 16043
-72 -82 1032 -6 1 7 16074
-63 -56 993 -8 -1 8 16097
-41 -56 969 -4 1 9 16132
-34 -70 1017 -7 0 6 16156
-26 -72 1066 -10 1 5 16182
-21 -80 1108 -6 -1 5 16211
-24 -77 1063 -4 -2 6 16243
-16 -119 961 -4 -4 8 16270
8 -139 930 -1 -6 6 16297
37 -134 978 7 -4 3 16326
22 -140 1060 2 0 3 16352
-10 -105 1023 -7 -5 8 16381
-15 -74 974 6 -3 10 16410
-16 -110 975 8 3 8 16436
-5 -105 1033 0 0 3 16465
16 -42 1103 -1 1 3 16493
8 -48 1061 -6 1 10 16519
8 -52 981 -7 0 13 16544
29 -30 916 2 0 14 16571
6 -64 951 3 4 12 16599
-25 -78 985 -1 -1 7 16626
-55 -22 993 -4 -2 8 16654
-71 1 1015 -2 -1 10 16680
-65 -15 1029 -2 0 8 16706
-49 7 1060 -4 3 4 16735
-24 35 1107 -10 0 4 16761
-1 -3 1021 -14 -2 6 16790
26 -58 936 -6 -4 4 16817
44 -74 937 2 -4 6 16843
14 -110 962 3 -4 5 16871
-28 -124 975 -3 -5 3 16898
-48 -84 1039 4 -3 2 16927
-54 -68 1083 3 -1 0 16952
-32 -48 1069 -5 -3 3 16982
-18 -6 1012 -5 0 8 17012
17 -3 970 0 1 8 17038
23 -14 958 -2 2 8 17061
0 -31 985 -8 -1 6 17089
-36 -89 983 -6 -2 6 17116
-60 -95 1020 -3 -1 6 17141
-114 -116 1129 -3 2 4 17172
-90 -161 1127 -12 1 0 17207
-60 -149 1050 -8 -1 -1 17231
0 -120 936 0 2 5 17266
2 -141 940 0 -1 6 17287
-20 -145 951 7 -2 7 17315
-55 -142 977 13 0 8 17342
-122 -128 1029 9 1 7 17370
-138 -89 1057 2 -1 7 17400
-126 -71 1012 1 1 8 17429
-89 -70 917 -1 2 10 17457
-40 -95 839 -1 3 11 17485
-22 -109 870 2 1 8 17512
-51 -100 1022 -3 -1 4 17540
-105 -82 1086 -10 -3 5 17571
-98 -76 979 -1 -4 7 17607
-57 -97 933 4 -3 9 17628
-62 -106 949 1 1 7 17657
-95 -62 1021 -6 2 7 17685
-109 -49 1031 -7 0 9 17710
-125 -25 966 -3 0 13 17746
-120 -50 949 -1 -1 12 17769
-76 -101 953 2 -3 6 17802
-64 -96 973 2 0 5 17827
-64 -114 1011 -10 0 6 17855
-93 -63 998 -15 0 7 17885
-92 -105 946 -9 -4 11 17913
-70 -153 906 -1 -6 8 17943
-74 -158 963 2 -3 6 17972
-123 -163 1111 -13 2 2 18003
-177 -180 1153 -20 -2 3 18032
-192 -208 1033 -7 -7 12 18063
-176 -272 881 9 -5 15 18095
-157 -377 931 13 -5 5 18126
-136 -447 1143 0 -4 -11 18156
-211 -338 1253 1 -12 4 18190
-203 -202 1118 10 -13 17 18218
-114 -276 1073 29 13 25 18261
-131 -312 1057 12 11 20 18284
-104 -183 956 -15 8 18 18317
-72 -190 884 -40 16 20 18350
-106 -262 913 -40 6 14 18385
-183 -257 978 -21 13 18 18411
-309 -304 1046 -9 6 15 18442
-343 -220 1050 -15 5 8 18474
-295 -199 1087 -7 5 4 18506
-210 -239 1026 -12 2 5 18536
-87 -251 839 -15 5 9 18568
-48 -305 792 -18 2 10 18594
-136 -431 816 -20 -5 17 18629
-194 -438 910 -6 -13 21 18658
-280 -479 990 9 -4 21 18690
-261 -424 967 2 -9 16 18721
-187 -335 864 -4 0 13 18752
-124 -303 797 -10 5 9 18784
-47 -315 822 -17 -2 14 18811
-55 -346 951 -9 -1 13 18843
-93 -446 1122 4 -3 11 18872
-138 -423 1233 6 -5 13 18902
-120 -457 1203 13 -3 12 18934
-63 -474 1104 0 3 12 18969
-37 -467 1061 -7 -4 13 18993
-16 -391 1001 0 -4 21 19028
-60 -373 997 1 -3 24 19057
-122 -325 1036 0 1 23 19086
-157 -305 1080 1 4 20 19116
-143 -252 1054 -5 4 21 19146
-111 -201 1011 -10 3 20 19177
-104 -174 972 -16 1 23 19210
-104 -183 959 -26 -7 22 19240
-68 -183 873 -21 -10 17 19275
-43 -224 862 -5 -4 16 19309
-55 -285 902 4 1 16 19339
-67 -269 941 0 -2 16 19364
-37 -273 940 2 -4 13 19391
16 -345 889 -1 -4 8 19423
45 -358 910 -8 -3 4 19449
38 -288 956 -8 -3 7 19478
-29 -316 942 -11 -9 18 19505
-26 -283 972 5 -12 16 19537
-39 -351 1096 16 1 10 19568
-20 -327 1172 5 -8 13 19597
-19 -214 1129 -3 0 12 19627
23 -263 1020 -11 -3 15 19658
62 -271 950 -13 -1 16 19690
42 -316 957 -4 -2 17 19719
-24 -298 1011 1 0 18 19748
-49 -286 1043 4 -5 17 19777
-65 -246 1040 3 2 12 19808
-64 -210 1052 -3 0 9 19836
-59 -137 1003 -6 4 19 19871
-55 -138 957 -7 3 20 19897
-20 -179 961 -4 1 14 19925
-5 -223 1043 -5 5 12 19954
-78 -209 973 -10 4 18 19983
-113 -207 889 -7 -1 21 20014
-130 -205 820 9 3 21 20044
-179 -278 953 7 2 11 20074
-157 -209 1047 -6 -7 7 20102
-143 -130 1062 -9 -5 7 20134
-106 -147 974 -10 -1 11 20165
-23 -167 854 -2 -2 13 20200
-34 -242 924 -1 -2 9 20232
-67 -305 1013 -8 -5 5 20256
-120 -238 1114 -12 -9 5 20289
-120 -291 1032 -2 -5 10 20319
-43 -296 1000 2 -6 5 20351
-12 -308 1027 10 2 1 20385
-7 -302 1045 -4 -9 7 20409
-34 -193 1034 -3 -4 12 20439
-85 -236 1014 -5 -4 14 20470
-82 -229 1015 -3 -4 11 20502
-86 -187 1013 3 3 8 20532
-39 -214 1024 -4 0 10 20560
-42 -137 1019 -6 6 7 20591
-35 -195 978 -4 3 11 20620
-40 -155 971 0 2 12 20649
-91 -186 907 1 0 13 20677
-107 -190 887 0 -3 12 20703
-126 -135 906 4 0 11 20737
-151 -126 939 2 3 11 20763
-144 -127 961 -3 -3 7 20793
-129 -75 981 -1 1 7 20823
-127 -92 1040 -5 1 4 20852
-99 -103 1057 -11 1 5 20880
-104 -120 996 -4 -1 7 20916
-95 -172 969 -2 -2 6 20943
-97 -206 945 -3 -6 5 20970
-98 -201 954 0 -8 4 20999
-107 -234 1010 1 -5 3 21027
-100 -197 1002 0 -6 3 21058
-105 -158 1002 4 1 0 21087
-100 -152 1036 0 1 2 21117
-111 -68 1077 -1 0 3 21146
-122 -65 1062 -3 2 6 21175
-116 -61 990 -6 3 9 21204
-110 -70 956 -4 1 9 21231
-117 -102 921 -2 1 6 21260
-150 -94 983 -3 1 4 21290
-184 -80 1061 -4 2 2 21318
-176 -111 1052 -3 -1 1 21346
-137 -92 987 3 -2 0 21377
-105 -144 902 2 -3 1 21406
-88 -135 870 2 -5 2 21434
-116 -113 930 8 -1 1 21467
-148 -130 1006 -3 -3 1 21493
-172 -84 980 -4 -1 0 21524
-164 -102 978 1 0 -1 21552
-158 -93 1057 -3 4 -2 21582
-153 -52 1062 -8 2 -2 21612
-127 -80 996 -7 -1 2 21643
-104 -50 959 2 0 1 21671
-102 -82 951 2 0 3 21697
-121 -115 988 -2 -6 0 21728
-152 -66 1032 4 -2 -1 21756
-181 -113 1007 -2 -4 0 21786
-154 -63 976 3 -6 0 21816
-130 -46 951 8 2 -2 21845
-120 -78 946 -4 1 -1 21874
-115 -35 949 -5 -1 -1 21901
-144 -30 1010 -3 4 0 21932
-179 -59 1058 -10 4 -1 21962
-164 -71 985 0 -1 -1 22003
-150 -99 952 2 2 -1 22025
-130 -126 949 -3 -1 -4 22050
-122 -72 962 -1 -2 -4 22082
-149 -91 970 -3 -2 -1 22111
-151 -85 927 -2 -6 0 22141
-156 -98 941 7 -4 -1 22170
-166 -67 1050 5 2 -4 22199
-173 -90 1059 -14 0 -2 22229
-142 -56 1026 -6 0 -2 22260
-125 -91 1015 1 5 -1 22290
-118 -131 996 -5 -5 -2 22319
-117 -120 950 2 -3 -2 22350
-133 -166 972 5 -2 -1 22381
-153 -119 1037 2 -4 -2 22410
-169 -102 1009 2 -1 -3 22442
-143 -92 949 4 -1 -1 22473
-132 -16 965 4 3 -1 22501
-141 -53 1003 -8 0 -1 22534
-151 -42 966 -7 0 1 22566
-139 -98 930 -1 -2 2 22589
-122 -109 962 6 0 -2 22617
-152 -118 1052 -1 2 -5 22647
-164 -88 1101 -6 -1 -5 22679
-160 -99 998 -3 -3 0 22708
-125 -107 878 3 -5 2 22738
-107 -101 850 10 -3 0 22767
-125 -95 933 3 -1 -3 22798
-164 -42 1053 -7 -1 -3 22827
-189 -43 1065 -7 0 -2 22858
-165 -41 1015 -3 0 -1 22888
-139 -78 993 -1 3 -3 22918
-110 -88 1006 -3 0 -4 22947
-107 -104 1007 -3 -1 -2 22978
-115 -130 984 -2 -5 -1 23009
-139 -139 996 4 -2 -2 23047
-150 -123 1022 5 -2 -4 23070
-155 -99 970 -3 -2 -1 23104
-140 -87 937 -1 -1 -1 23131
-122 -39 960 4 4 -3 23164
-133 -61 974 -5 2 -1 23189
-161 -37 992 -8 1 1 23219
-153 -23 1011 -1 3 1 23248
-140 -76 1020 -3 0 -3 23277
-147 -63 1049 -6 1 -3 23306
-132 -102 1063 0 1 -4 23337
-125 -119 987 2 -3 -2 23368
-113 -148 870 1 -9 2 23397
-106 -93 821 9 -5 0 23426
-127 -127 956 2 -5 -4 23455
-153 -81 1099 -5 1 -7 23486
-196 -21 1131 -5 2 -3 23515
-172 -49 1033 -1 1 2 23545
-104 -36 903 5 1 1 23583
-88 -67 888 0 1 0 23606
-77 -77 963 -9 -4 -1 23628
-97 -69 1054 -9 -2 -4 23657
-149 -72 1070 -6 0 -1 23686
-162 -97 999 2 -3 -1 23717
-118 -97 923 14 -3 -2 23746
-66 -134 911 8 -4 -4 23776
-82 -32 925 -5 -1 -1 23812
-111 -3 982 -7 1 0 23835
-137 -18 1102 -8 2 -3 23861
-130 -31 1136 -3 4 -6 23891
-86 -72 1063 0 1 -2 23922
-59 -80 970 0 0 0 23950
-55 -96 939 -1 5 -2 23974
-61 -128 965 -3 1 -2 24004
-96 -129 1011 3 -2 -2 24032
-135 -116 1010 5 -3 -2 24064
-129 -92 943 3 -5 -2 24094
-95 -22 947 9 1 -2 24129
-91 -23 1008 4 3 -4 24152
-81 11 1064 -5 2 -1 24182
-95 52 1068 -4 3 0 24204
-108 6 1019 -12 1 0 24233
-96 -26 968 -9 2 0 24262
-92 -66 1004 5 0 -2 24288
-93 -118 1033 2 0 -5 24317
-98 -108 1016 -2 -3 -3 24345
-66 -85 990 8 -5 -4 24379
-51 -123 960 3 -1 -3 24403
-40 -83 943 2 -4 -4 24434
-62 -61 993 4 -1 -2 24462
-84 -79 1002 -4 -2 1 24491
-97 -12 1016 2 0 -2 24520
-81 -22 1040 1 1 -2 24547
-59 -45 1014 -6 -1 2 24576
-54 -4 973 1 2 0 24606
-37 -43 972 -2 -2 -1 24628
-35 -32 971 -6 -2 0 24662
-43 -41 978 1 -5 0 24687
-42 -34 1036 3 -4 -2 24715
-54 3 1095 4 0 -3 24741
-28 -13 1171 0 3 -4 24769
-4 -48 1070 -9 -2 -2 24797
6 -69 891 -3 -3 1 24827
32 -90 855 0 2 2 24851
33 -141 892 5 -3 -4 24877
11 -154 1010 0 -3 -4 24906
-16 -119 1152 -6 0 -5 24936
-31 -83 1101 -7 2 -2 24965
2 -86 999 1 -1 1 24994
29 -72 955 5 2 2 25017
38 -92 968 -1 -1 4 25045
28 -86 1011 -6 0 5 25069
-4 -86 1042 -4 0 5 25097
-27 -85 1113 -1 0 3 25125
-56 -27 1166 0 3 0 25154
-45 -65 1056 -9 -3 6 25184
-12 -81 939 -7 -7 8 25208
65 -114 786 10 -2 2 25238
128 -212 810 15 -7 -1 25265
82 -168 1042 -3 4 -2 25295
-49 -84 1180 -18 -1 -3 25325
-74 -109 1083 -2 -4 2 25362
-17 -151 1035 10 1 4 25384
47 -198 997 5 2 6 25415
61 -153 980 -5 -1 8 25441
44 -137 982 -7 -2 8 25468
17 -117 1021 -10 3 8 25497
-23 -138 1070 1 -2 4 25533
-23 -164 1083 4 -4 4 25555
-5 -134 1059 4 -3 5 25585
7 -123 973 -5 0 11 25612
9 -125 874 -15 2 15 25640
9 -106 878 -12 3 11 25666
28 -172 976 -1 1 10 25696
9 -172 1086 -2 -7 6 25729
9 -155 1098 -2 -4 3 25756
27 -200 1064 -8 -3 7 25780
43 -196 977 -6 -1 7 25810
55 -243 953 -2 -2 6 25836
54 -264 956 1 -1 6 25865
25 -266 1018 4 -3 7 25892
-12 -197 1098 2 0 8 25922
-39 -209 1071 -4 -2 10 25949
-20 -174 1021 -2 1 7 25980
30 -216 1003 -4 -2 8 26009
57 -215 976 -3 -3 12 26039
39 -202 1003 1 3 10 26065
27 -237 1027 1 -1 15 26095
22 -183 999 1 -3 13 26124
32 -243 1006 -3 -1 9 26153
38 -218 1037 -3 1 7 26182
12 -193 1013 -3 3 12 26209
16 -181 982 -10 3 13 26243
19 -211 988 -7 3 10 26268
5 -178 1046 -2 1 9 26294
-33 -173 1061 -4 1 14 26323
-20 -150 1015 -7 -5 15 26354
34 -206 1014 0 1 9 26387
46 -223 991 -7 -4 12 26410
34 -184 953 -8 -3 13 26441
12 -217 929 -8 -1 12 26471
-2 -243 955 -4 -5 13 26498
4 -234 1011 -2 -3 9 26528
6 -246 1029 -6 -2 10 26557
28 -244 1054 -6 -1 8 26586
44 -268 1111 -2 -2 7 26613
56 -285 1099 1 -4 9 26645
67 -254 1028 -5 -5 13 26670
92 -262 931 -11 -6 15 26702
105 -299 944 -9 -6 14 26732
54 -278 1027 4 0 15 26763
19 -233 1056 -5 -1 15 26794
27 -189 1094 -8 2 12 26820
40 -174 1113 -15 1 12 26849
53 -184 1048 -19 -3 15 26879
61 -195 1063 -8 5 10 26911
69 -249 1010 -14 1 20 26941
47 -251 952 -14 0 18 26970
60 -353 1017 3 -2 11 26999
55 -414 1137 12 -4 3 27028
30 -313 1143 10 -3 5 27058
71 -295 969 1 -5 14 27086
149 -323 906 -3 -5 14 27115
154 -387 959 7 2 14 27147
92 -303 955 6 -1 19 27173
40 -208 930 1 2 20 27199
11 -171 820 -10 10 32 27227
1 -151 826 -7 5 31 27258
-31 -227 992 6 2 13 27293
2 -200 1094 -3 -4 10 27318
11 -156 1146 -24 -7 8 27345
15 -199 1106 -27 -7 0 27373
79 -269 1112 -15 -4 1 27402
88 -348 1125 4 -5 4 27432
67 -361 1095 7 -12 15 27461
74 -371 1058 7 -20 15 27491
103 -422 1098 17 -3 16 27521
75 -368 1067 15 -4 19 27552
75 -279 1001 4 2 18 27583
106 -204 960 -4 6 19 27611
81 -175 818 -11 8 32 27640
49 -130 685 -6 11 39 27669
40 -132 664 2 16 42 27696
17 -231 916 -2 0 30 27726
-7 -187 1066 -10 3 10 27754
-18 -181 1139 -28 3 5 27784
4 -126 1114 -27 -5 3 27814
131 -251 1154 -5 4 0 27850
148 -361 1289 -11 3 -8 27872
127 -432 1400 -18 -15 -10 27904
109 -405 1307 8 -6 9 27940
93 -445 1118 30 -2 27 27969
73 -358 860 29 13 34 27997
65 -299 718 15 26 41 28025
65 -241 714 -17 -2 32 28058
77 -186 656 -15 -2 29 28086
53 -212 823 -19 7 23 28114
-129 -228 1288 -18 -1 6 28147
-160 -153 1297 -20 -7 11 28178
-112 -186 1155 -19 -3 24 28211
41 -374 1013 -2 1 8 28246
112 -434 1043 -1 -1 -1 28271
171 -414 1095 -7 -13 -2 28303
139 -409 1093 0 -10 9 28338
49 -465 1170 17 0 22 28369
-54 -386 1168 15 0 29 28396
-56 -294 1086 -15 15 33 28425
33 -309 1096 -28 3 23 28457
20 -220 966 -16 4 27 28487
-3 -202 825 -5 8 42 28516
24 -199 798 0 7 40 28545
28 -284 827 3 7 31 28570
7 -395 1007 -8 7 14 28598
-64 -289 1069 -25 0 4 28626
-48 -309 983 -22 -1 7 28657
-18 -402 917 -2 0 15 28686
-20 -391 951 11 1 13 28716
-71 -395 1034 1 -5 14 28745
-83 -348 1033 -6 -11 19 28776
-51 -354 1102 6 -10 16 28807
-40 -396 1188 4 2 15 28839
-32 -367 1062 1 -6 18 28868
48 -409 989 -6 2 18 28905
58 -427 1027 -14 2 13 28927
23 -415 1101 -2 -3 8 28956
3 -319 1073 3 1 24 28989
9 -296 950 -9 -2 26 29017
19 -321 915 -9 0 25 29039
-8 -386 977 -1 4 18 29068
-66 -289 995 -11 4 20 29103
-67 -258 974 -15 2 21 29127
-49 -254 907 -16 4 26 29156
-51 -293 941 -17 2 24 29187
-68 -325 1013 -4 1 18 29217
-69 -337 1042 -9 -2 15 29249
-37 -336 990 -13 -3 16 29280
-17 -387 926 -7 -4 16 29310
6 -410 911 -2 -5 17 29340
13 -432 961 -1 -6 14 29367
6 -485 1052 -1 -7 10 29397
-22 -438 1082 4 -6 14 29426
-56 -373 1011 -2 0 23 29463
-30 -393 1009 -10 0 19 29485
5 -410 1040 -8 -2 19 29520
-5 -387 993 -8 -3 21 29546
9 -372 961 -7 2 22 29578
18 -407 951 -6 -1 23 29602
27 -412 947 2 -3 19 29633
7 -414 980 6 -1 19 29660
1 -381 976 -7 -4 18 29688
3 -356 966 -11 -1 16 29714
-6 -358 992 -7 -2 20 29744
-32 -319 967 -10 1 21 29774
-55 -291 924 -17 -3 25 29805
-49 -308 916 -17 -5 25 29835
-59 -331 1053 -7 -4 15 29868
-84 -308 1068 -16 -4 16 29898
-61 -303 988 -18 -4 18 29931
-4 -351 979 -10 -4 15 29960
-1 -407 991 -8 -4 15 29989
-17 -408 984 -7 -9 17 30020
-4 -408 993 7 -6 16 30050
-4 -462 1019 4 -4 14 30078
3 -469 1052 9 -5 9 30108
-15 -421 1051 13 2 13 30133
-42 -333 863 -11 3 28 30167
-14 -312 786 -17 3 25 30196
-9 -415 947 6 -3 15 30226
-18 -420 1044 7 -6 16 30251
-114 -252 1047 -2 -3 12 30286
-50 -266 909 -8 -1 19 30316
-18 -324 844 -8 -1 17 30346
-33 -370 946 -1 -4 11 30376
-65 -327 1074 5 -10 16 30407
-70 -260 1115 -4 -8 12 30437
-79 -248 1058 -8 -1 6 30468
-40 -280 950 -9 1 15 30504
-38 -282 979 -5 3 13 30528
-43 -315 1069 -5 -2 13 30556
-84 -250 1083 -6 -1 15 30588
-87 -248 1054 -9 -1 12 30619
-69 -258 987 -2 0 9 30656
-56 -271 924 -3 -4 13 30678
-52 -268 843 1 -4 16 30709
-46 -282 883 9 -4 11 30738
-71 -293 997 2 3 8 30767
-107 -278 1073 -7 -1 2 30794
-120 -205 1029 0 3 4 30825
-94 -228 893 -3 1 14 30857
-89 -219 871 -7 -1 9 30884
-83 -251 1002 -6 -4 6 30917
-120 -233 1132 -4 -5 8 30943
-174 -156 1087 -5 -2 10 30974
-132 -186 974 -6 -5 13 31007
-59 -233 915 2 -2 5 31043
-37 -302 936 -2 -5 7 31065
-76 -234 1029 -3 -3 5 31095
-103 -222 1088 -4 -4 6 31125
-105 -228 1023 -3 1 6 31155
-80 -235 961 -1 -3 5 31186
-68 -235 950 0 -1 3 31216
-77 -228 1007 -4 1 4 31243
-115 -192 1035 0 3 6 31272
-101 -209 1027 -3 0 6 31302
-112 -164 994 -2 4 0 31332
-103 -196 958 -6 -4 5 31361
-109 -163 930 -4 -1 7 31391
-95 -186 953 2 -4 5 31421
-107 -173 1022 3 2 3 31450
-114 -180 1075 -2 -3 3 31479
-115 -127 1100 1 3 -1 31510
-80 -175 1049 -3 0 3 31539
-74 -156 969 -6 -1 5 31573
-84 -144 966 -1 0 4 31598
-81 -172 984 -2 0 4 31624
-97 -163 950 -4 -4 5 31654
-113 -144 959 2 0 3 31684
-133 -137 1009 -1 1 0 31711
-116 -123 984 -5 -1 1 31741
-87 -127 937 -3 -1 2 31772
-72 -121 984 3 2 -1 31801
-70 -145 1051 -6 0 1 31829
-74 -112 1099 -1 -7 0 31858
-90 -89 1092 1 4 -2 31887
-72 -172 1003 -5 -4 4 31917
-73 -145 982 2 -6 0 31947
-72 -126 1024 10 0 -5 31972
-92 -164 954 -6 -2 9 32006
-112 -116 864 0 -7 9 32033
-87 -23 831 16 4 6 32063
-70 -87 985 2 5 0 32089
-68 -89 1008 -16 -5 -1 32120
-106 1 1034 -3 -2 -3 32147
-103 -75 1061 -8 6 -2 32176
-66 -88 1044 -10 -2 1 32206
-91 -43 1084 3 2 -2 32237
-76 -156 1068 -10 -3 1 32264
-71 -117 990 0 -8 0 32299
-32 -168 1016 14 -2 -5 32324
-9 -198 1045 -2 -2 -2 32355
-71 -124 946 -2 -1 -4 32385
-70 -149 990 1 -1 -2 32415
-97 -106 1073 2 5 -2 32445
-106 -121 1035 -1 -1 3 32474
-77 -94 949 2 1 2 32505
-35 -73 954 6 0 0 32530
-18 -94 968 2 0 1 32556
-58 -77 975 -8 0 1 32584
-71 -77 1008 -3 -2 -1 32608
-86 -91 981 4 -2 2 32645
-82 -97 962 -3 -2 1 32673
-65 -94 1007 2 -2 -2 32703
-76 -64 1048 4 0 -3 32724
-77 -64 1073 -6 1 0 32753
-72 -61 1044 -7 -1 1 32778
-36 -75 925 6 -1 2 32812
-20 -136 899 3 -2 1 32835
-18 -107 941 4 -5 -2 32864
-37 -117 990 0 -2 0 32894
-70 -77 1050 -8 2 -3 32923
-97 -32 1091 -2 3 -3 32951
-97 -51 1003 -10 0 3 32980
-86 -97 950 -9 -1 5 33008
-73 -7 1005 12 0 -1 33040
-71 -51 1046 2 2 2 33064
-66 -74 1023 -15 -2 3 33093
-53 -48 961 4 -4 -1 33122
-37 -113 1001 5 4 -1 33151
-35 -165 993 -11 -4 -2 33184
-41 -113 999 1 -5 -5 33210
-60 -113 1011 0 2 0 33240
-80 -138 968 -12 1 4 33267
-106 4 1103 6 1 -4 33299
-102 -5 1128 2 4 -3 33322
-66 -118 977 -19 -6 8 33353
-65 -69 799 9 -2 5 33383
-35 -60 920 28 4 1 33410
-26 -168 1109 6 7 1 33435
-66 -96 1113 -24 -10 -9 33465
-42 -120 968 -5 -4 -2 33498
13 -166 994 7 3 -2 33527
14 -164 1052 7 6 -3 33552
-28 -185 1115 -2 -1 -3 33582
-45 -106 1090 -5 -1 -1 33613
-1 -14061 -77 -1 -1 -1 33645
-94 14 1069 -3 4 4 33678
-44 -83 912 2 -2 11 33719
-31 -75 841 11 5 11 33743
-7 -13 980 14 3 6 33770
6 -62 1058 -3 2 2 33793
-20 -85 1045 -27 0 -4 33820
-53 -38 1028 -15 -1 -6 33848
-53 -107 957 -7 1 -2 33873
-30 -154 855 2 -1 2 33902
-72 -134 953 15 -1 -2 33930
-58 -124 1121 11 -7 -6 33960
-32 -68 1152 -4 -8 -1 33991
-36 -23 1097 -5 -5 -2 34020
-6 -93 1040 -2 -3 1 34052
23 -68 981 8 0 2 34079
15 -115 926 3 1 4 34105
-2 -110 932 0 -2 2 34129
-22 -53 1025 3 1 -2 34158
-29 -76 1106 -6 3 -2 34185
-40 -39 1085 -9 3 -2 34215
-45 5 1018 1 3 2 34248
-22 -58 904 -3 3 6 34274
-14 -64 851 1 3 5 34298
-15 -56 873 13 2 2 34325
-19 -88 994 9 3 1 34349
-36 -79 1118 -13 -3 -2 34376
-45 -31 1115 -14 -6 -5 34405
-51 -111 994 -8 2 1 34443
-23 -143 923 3 -3 1 34473
-16 -118 961 16 -2 -1 34498
-11 -134 998 7 -4 2 34524
-27 -115 998 -6 -5 1 34552
-16 -72 1023 3 -5 -1 34580
22 -142 1095 -1 0 1 34611
20 -156 1087 -6 -2 -2 34636
17 -115 1022 -5 -8 -1 34668
36 -107 958 2 0 4 34698
49 -112 964 1 1 5 34725
45 -100 973 4 -2 4 34751
30 -86 1050 -2 -1 2 34781
27 -61 1109 -4 -1 0 34806
11 -72 1030 -12 0 5 34834
-8 -74 902 -9 0 8 34861
12 -77 908 0 4 8 34886
67 -105 1049 8 2 2 34913
60 -100 1102 -7 0 4 34940
34 -70 1099 -15 -2 3 34966
27 -55 1103 -8 -2 1 34996
52 -137 999 -3 2 4 35025
70 -191 933 2 -3 5 35052
53 -177 983 6 -1 2 35079
55 -196 1035 -2 -1 2 35104
51 -164 1107 -7 -1 3 35136
33 -124 1130 -3 3 2 35164
18 -132 1042 -4 1 7 35192
25 -79 953 -1 -1 8 35220
42 -72 869 2 2 12 35248
50 -114 846 -2 2 13 35273
34 -115 923 2 -1 7 35305
19 -110 1107 -2 -3 3 35331
-21 -68 1152 -19 -4 1 35358
7 -114 1039 -17 -9 5 35387
59 -135 992 6 -4 4 35420
93 -154 1000 2 -2 9 35447
86 -165 1016 -8 -6 8 35471
79 -131 1106 -1 -4 3 35501
90 -182 1121 -5 -2 4 35530
76 -187 1065 -8 -6 4 35560
85 -199 1019 1 -1 5 35588
94 -201 1042 -3 4 6 35617
79 -170 1058 -5 2 6 35642
45 -153 1047 -8 4 8 35673
48 -132 1024 -7 -1 9 35701
32 -88 965 -1 0 11 35730
47 -135 973 -6 0 10 35757
79 -143 1079 2 -5 5 35786
88 -161 1094 -3 -1 8 35811
61 -174 1053 -10 -3 6 35847
93 -182 1004 -2 -4 7 35872
110 -210 965 4 2 9 35902
105 -226 1000 -2 -4 7 35928
74 -194 1078 -2 1 5 35959
66 -185 1130 -3 -1 9 35987
37 -132 1106 -1 2 6 36016
63 -157 1020 -5 0 11 36044
84 -154 970 -4 -4 13 36072
74 -154 959 -2 2 11 36104
86 -170 996 -3 -3 10 36129
61 -140 1028 0 1 9 36166
60 -150 1043 -3 -2 8 36190
64 -146 1036 -1 -1 7 36219
60 -174 1011 0 0 10 36246
61 -151 989 0 -2 10 36273
57 -143 941 -2 -4 12 36299
55 -136 901 -4 -2 11 36330
65 -161 953 0 -3 8 36365
54 -160 995 1 -3 7 36390
31 -144 1042 -3 -1 8 36416
30 -171 1067 -5 -3 8 36443
46 -190 1091 -1 0 6 36472
46 -204 1091 -1 0 7 36498
23 -210 1023 -6 -4 12 36527
31 -178 1023 2 -3 10 36558
34 -215 984 2 -6 13 36587
51 -205 966 3 -5 11 36614
46 -174 1039 4 3 7 36643
36 -178 1017 -7 -1 13 36671
28 -143 987 -6 -1 10 36700
50 -147 1041 1 -1 6 36728
65 -152 1103 2 -1 10 36758
40 -138 1044 -4 -5 14 36787
45 -101 1024 -3 1 10 36816
63 -160 978 -9 0 14 36846
15 -138 923 -3 -1 13 36873
-5 -120 940 0 3 16 36909
5 -144 910 -3 2 18 36934
18 -133 930 3 2 15 36959
26 -115 1091 -1 1 8 36989
20 -97 1169 -16 2 5 37014
15 -67 1184 -22 -4 3 37040
53 -103 1106 -9 -8 7 37070
98 -124 981 4 -6 14 37099
109 -167 946 6 -7 15 37125
137 -204 969 7 -5 8 37156
129 -195 1020 1 3 8 37184
74 -146 1041 -8 3 6 37211
54 -141 983 -4 3 6 37241
71 -162 976 5 4 6 37267
76 -120 1037 9 5 5 37291
54 -93 1075 -5 5 10 37320
46 -41 1058 -10 -1 14 37348
56 -6 1020 -2 2 12 37378
90 -84 990 -6 1 14 37404
64 -58 1023 9 -3 7 37439
41 -46 1087 6 0 7 37463
28 -38 1075 -9 -5 8 37489
22 1 1014 -2 -5 10 37512
56 3 1030 5 2 11 37541
63 -15 1077 -5 -1 9 37568
76 -11 1051 -9 -2 10 37592
67 3 1065 -3 0 7 37623
72 -51 1024 -5 0 9 37648
92 -107 945 -3 -3 8 37675
86 -78 967 6 -2 6 37701
69 -136 1023 3 2 3 37728
75 -124 1002 -9 -3 3 37756
60 -75 992 1 -1 5 37785
52 -97 987 -3 0 7 37809
66 -78 1014 2 -1 6 37837
61 -23 1144 5 3 3 37869
