-452 -518 832 -6 9 -2 14
-467 -506 823 -2 8 0 56
-464 -512 835 -5 11 -1 78
-475 -507 866 -5 4 -2 99
-488 -510 871 1 -12 -3 123
-470 -508 845 2 -7 0 147
-451 -510 847 3 -3 1 169
-451 -511 829 3 -4 0 191
-449 -505 826 -1 -5 -3 215
-427 -504 822 -1 -2 -5 238
-420 -499 827 0 2 -3 260
-442 -481 865 4 5 -1 289
-472 -491 905 6 -2 -2 317
-438 -502 919 -1 -4 -1 344
-445 -475 906 -3 -3 0 372
-452 -440 881 0 -5 -2 401
-449 -417 873 4 -4 -2 430
-432 -399 886 4 -4 -2 458
-417 -400 903 4 -4 -2 485
-414 -384 898 1 -3 -2 517
-406 -382 885 -1 -3 -1 546
-403 -387 874 -1 -3 -1 569
-402 -390 870 1 -1 -1 600
-400 -382 874 2 -2 -2 629
-387 -378 888 1 -1 -1 663
-392 -364 895 1 -2 -1 685
-391 -357 907 1 0 -1 713
-388 -356 903 0 -1 -2 738
-390 -353 918 1 0 -3 767
-389 -348 922 1 1 -2 795
-391 -353 935 6 -10 -1 821
-384 -342 921 2 -6 -1 851
-374 -340 906 0 -2 0 877
-368 -342 909 0 -1 -1 905
-372 -341 927 2 0 -1 934
-372 -345 927 1 -2 -1 962
-373 -336 916 0 -3 -1 987
-356 -346 894 -1 -3 -2 1017
-358 -345 873 -2 -1 0 1047
-380 -362 896 1 -2 2 1082
-381 -371 910 3 -3 3 1105
-386 -372 933 5 -5 2 1133
-386 -376 922 1 -5 -1 1160
-377 -361 913 -1 -3 -5 1191
-367 -351 895 -2 2 -5 1223
-361 -363 898 1 -1 -3 1249
-356 -377 904 1 -4 -1 1276
-359 -374 922 0 -2 1 1310
-364 -383 941 8 -8 3 1333
-367 -373 956 14 -17 2 1363
-339 -368 928 1 -8 -2 1394
-325 -355 902 -6 1 -4 1423
-328 -360 901 -1 0 -2 1451
-332 -355 926 6 -5 1 1481
-316 -353 957 2 -1 1 1509
-321 -355 974 -1 -1 -1 1538
-309 -358 961 2 -7 -3 1568
-293 -335 948 1 -3 -3 1600
-299 -324 944 0 -1 -1 1624
-273 -333 941 -1 -2 0 1655
-272 -324 934 -2 0 2 1684
-274 -338 948 -3 3 4 1711
-289 -344 969 -3 2 4 1740
-295 -349 960 -2 -1 2 1769
-286 -355 947 -3 -2 -1 1797
-285 -342 943 -2 1 -1 1827
-285 -339 949 2 -2 1 1857
-274 -340 963 2 -2 2 1882
-266 -339 969 -1 0 2 1912
-259 -343 962 -3 0 2 1941
-267 -348 966 -3 2 2 1969
-268 -342 963 -1 1 3 1997
-262 -351 961 -2 -2 3 2025
-262 -351 962 -2 -1 2 2052
-258 -348 960 -1 -1 3 2085
-257 -352 968 0 -3 2 2111
-253 -342 971 3 -5 2 2145
-253 -335 964 3 -6 4 2168
-229 -328 958 0 -4 3 2197
-228 -323 942 -3 -2 4 2224
-229 -321 959 -1 1 5 2254
-233 -330 973 0 -1 6 2285
-223 -336 983 -1 -2 5 2309
-218 -338 989 -2 -1 4 2339
-213 -331 977 -3 2 3 2368
-210 -328 995 -4 4 2 2400
-208 -332 988 -3 0 3 2425
-200 -328 984 -2 -1 4 2451
-207 -329 998 -3 1 6 2483
-208 -326 1001 -3 0 6 2508
-216 -332 1008 -3 -2 6 2540
-208 -333 989 -4 -1 4 2568
-201 -331 972 -4 -2 4 2598
-202 -327 976 -3 -1 5 2627
-199 -327 983 -3 0 6 2662
-200 -331 989 -4 0 7 2685
-190 -340 982 -5 1 7 2713
-181 -355 981 -4 3 6 2741
-182 -359 977 -3 3 6 2767
-181 -366 981 -3 1 5 2797
-172 -372 981 -3 0 5 2828
-181 -357 986 -2 0 6 2853
-194 -352 1004 0 -2 7 2881
-190 -352 1021 0 -3 7 2910
-187 -345 1028 -2 -3 8 2937
-189 -335 1026 -3 -4 7 2972
-186 -336 1014 -4 -3 7 2997
-167 -335 994 -6 -3 7 3031
-167 -330 975 -8 0 7 3057
-148 -342 970 -8 1 7 3087
-146 -356 986 -4 4 7 3114
-136 -371 1009 -3 1 7 3143
-135 -368 1020 -6 0 6 3171
-147 -367 1016 -5 2 6 3205
-153 -363 1035 0 1 8 3230
-154 -357 1035 -4 -1 10 3258
-164 -357 1025 -7 0 9 3289
-159 -356 1003 -6 -1 10 3320
-158 -361 993 -4 -2 9 3350
-156 -369 987 -3 -1 8 3379
-159 -356 994 -2 -1 8 3408
-151 -364 994 -3 -1 8 3438
-147 -361 997 -3 -1 8 3464
-142 -354 998 -3 -2 8 3497
-139 -352 1000 -3 -2 8 3523
-132 -360 1013 -4 -1 10 3557
-139 -352 1020 -5 1 9 3584
-132 -359 1011 -6 1 9 3617
-137 -363 1007 -6 1 9 3642
-134 -373 997 -4 -1 9 3674
-145 -361 1008 -2 -2 9 3702
-138 -354 1017 -3 -2 9 3738
-134 -355 1009 -6 -3 9 3761
-115 -350 986 -8 -3 9 3793
-118 -355 -258 -4 -2 10 3822
-127 -353 1024 0 0 10 3855
-119 -357 1043 -3 1 9 3881
-105 -357 1034 -7 -2 8 3911
-107 -344 1020 -6 -1 9 3941
-103 -346 1015 -3 -3 10 3971
-98 -347 1026 -5 -3 11 4005
-97 -348 1029 -5 -2 11 4032
-90 -351 1023 -6 -3 11 4065
-95 -348 1016 -7 -1 11 4092
-81 -350 1029 -3 -1 10 4129
-75 -350 1051 -2 -2 10 4153
-67 -336 1057 -5 -3 10 4188
-54 -335 1053 -5 -3 11 4214
-56 -327 1043 -7 -3 12 4245
-54 -335 1040 -7 -2 12 4278
-64 -330 1040 -5 1 13 4304
-52 -347 1060 -3 0 12 4334
-50 -338 1060 -5 -3 11 4363
-42 -334 1036 -8 -2 11 4393
-42 -333 1022 -5 -3 13 4424
-44 -335 1038 -4 -2 14 4457
-43 -341 1051 -6 -2 14 4484
-40 -345 1051 -7 -2 13 4514
-38 -340 1041 -7 -2 13 4544
-31 -347 1045 -5 -2 13 4573
-24 -341 1063 -3 -2 13 4605
-24 -338 1065 -5 -2 12 4634
-16 -334 1072 -6 -2 13 4664
-11 -329 1052 -7 -3 13 4694
-13 -330 1033 -7 -3 14 4725
-18 -335 1036 -4 0 14 4755
-24 -339 1047 -3 -2 15 4787
-27 -332 1057 -5 -1 14 4815
-24 -330 1059 -5 -1 13 4844
-31 -326 1044 -7 -3 13 4874
-36 -320 1043 -5 -1 13 4904
-39 -324 1043 -4 -2 14 4935
-33 -322 1054 -6 -1 13 4964
-26 -333 1061 -6 -1 14 4995
-23 -334 1058 -6 -1 13 5025
-19 -331 1049 -6 -2 12 5056
-19 -327 1044 -5 -1 12 5085
-18 -324 1042 -5 0 14 5116
-20 -327 1051 -5 0 15 5145
-34 -331 1057 -5 1 15 5174
-38 -338 1060 -5 0 15 5203
-43 -339 1058 -6 -2 14 5232
-42 -332 1042 -6 -2 13 5262
-38 -328 1031 -5 -2 13 5293
-35 -325 1057 -4 -2 14 5328
-30 -328 1065 -5 -2 14 5352
-30 -322 1066 -7 -1 14 5383
-32 -325 1046 -8 -1 14 5414
-35 -328 1039 -5 -1 14 5443
-35 -331 1044 -5 -3 14 5473
-40 -327 1050 -6 -1 13 5503
-38 -326 1073 -4 0 14 5536
-32 -331 1080 -6 -2 13 5561
-25 -326 1053 -9 -2 12 5593
-25 -317 1030 -6 -1 13 5623
-40 -316 1054 -1 0 16 5656
-42 -325 1062 -4 -1 16 5681
-54 -332 1055 -9 0 14 5713
-52 -329 1027 -9 -3 13 5742
-50 -330 1030 -3 -2 14 5774
-50 -325 1032 -3 -2 13 5800
-38 -329 1038 -6 -3 12 5832
-25 -324 1021 -7 -1 14 5869
-33 -323 1025 -5 -1 15 5891
-35 -343 1032 -5 -2 15 5925
-31 -343 1023 -6 -4 14 5952
-31 -330 1030 -4 -1 13 5988
-28 -337 1080 2 -2 15 6018
-27 -327 1090 -5 -4 14 6041
-26 -324 1040 -12 -2 11 6074
-15 -320 1036 -2 -2 15 6108
-32 -323 1079 0 -2 17 6134
-29 -341 1085 -9 -1 15 6164
-28 -333 1056 -12 -1 13 6193
-21 -330 1034 -6 -3 14 6225
-13 -329 1041 -5 -3 15 6255
-16 -335 1052 -6 -2 14 6284
-13 -335 1051 -6 -2 15 6315
-6 -335 1058 -6 -2 14 6346
-12 -329 1068 -6 0 15 6373
-18 -335 1061 -7 -3 15 6407
-19 -333 1048 -7 -1 14 6433
-24 -330 1058 -4 0 15 6465
-28 -337 1078 -5 -1 16 6492
-28 -333 1073 -7 -2 14 6523
-24 -334 1070 -6 -1 14 6553
-24 -329 1080 -5 -1 15 6583
-18 -327 1066 -8 -4 15 6613
-19 -327 1052 -8 0 14 6644
-10 -327 1049 -5 -1 16 6672
-14 -335 1040 -8 -2 15 6703
-21 -340 1032 -7 0 15 6733
-22 -337 1052 -3 0 16 6762
-30 -332 1069 -5 0 15 6791
-35 -335 1079 -6 -1 14 6821
-31 -327 1067 -7 -2 14 6851
-27 -319 1062 -8 -2 14 6880
-30 -330 1057 -6 0 16 6915
-32 -337 1082 -3 1 16 6940
-27 -335 1067 -8 -3 14 6969
-17 -335 1039 -10 0 13 6999
-25 -323 1030 -3 -1 16 7030
-37 -324 1045 -4 -1 16 7060
-39 -331 1058 -7 -1 14 7089
-43 -319 1053 -7 -2 14 7120
-43 -318 1060 -6 0 15 7151
-48 -318 1074 -5 -1 15 7179
-45 -326 1077 -6 -2 14 7209
-46 -316 1065 -8 -1 14 7239
-44 -316 1061 -6 -1 14 7269
-50 -319 1064 -6 0 15 7299
-55 -320 1052 -7 0 14 7329
-72 -316 1030 -6 -2 12 7358
-59 -311 1023 -6 0 15 7388
-81 -296 1043 -4 2 18 7417
-101 -293 1048 -6 0 17 7450
-118 -297 1055 -7 0 15 7476
-124 -296 1036 -6 -1 14 7507
-129 -302 1051 -5 -1 12 7538
-121 -301 1046 -5 -1 12 7568
-105 -306 1050 -6 -2 12 7600
-112 -297 1038 -6 -2 12 7632
-110 -289 1024 -7 -1 12 7665
-112 -290 1031 -5 0 12 7694
-113 -295 1050 -6 -1 13 7724
-111 -302 1062 -7 -2 12 7756
-110 -302 1059 -8 -1 12 7790
-107 -305 1057 -8 0 11 7817
-92 -314 1056 -7 -1 11 7857
-87 -314 1046 -7 -1 11 7880
-81 -309 1044 -7 0 10 7908
-87 -302 1051 -6 2 12 7937
-94 -309 1067 -6 2 13 7966
-106 -313 1072 -6 3 13 8000
-119 -310 1064 -7 1 12 8025
-129 -315 1042 -8 -1 13 8056
-146 -312 1039 -5 -2 14 8088
-155 -309 1038 -4 -2 16 8118
-158 -305 1028 -7 -3 15 8149
-154 -290 1004 -6 -3 12 8182
-146 -277 991 -5 -2 10 8213
-131 -278 1002 -4 -4 10 8242
-139 -277 1005 -5 -1 12 8273
-128 -292 1017 -7 1 12 8304
-131 -307 1031 -7 1 12 8334
-128 -322 1050 -5 -1 12 8364
-119 -322 1058 -6 -3 10 8396
-111 -307 1040 -9 -2 9 8427
-109 -306 1033 -6 -3 11 8457
-111 -307 1042 -6 0 13 8490
-107 -319 1045 -8 0 12 8522
-102 -324 1031 -10 0 12 8547
-93 -332 1018 -6 -3 12 8582
-91 -334 1034 -4 -2 13 8610
-94 -330 1052 -5 -1 13 8641
-83 -327 1061 -7 -2 12 8670
-78 -313 1033 -11 -2 11 8701
-84 -318 1033 -6 -1 13 8732
-91 -321 1046 -2 -1 15 8761
-105 -323 1076 -5 0 15 8792
-108 -324 1069 -9 1 13 8823
-118 -319 1049 -9 -2 13 8853
-114 -313 1029 -6 -4 13 8883
-115 -315 1033 -3 -3 14 8915
-106 -308 1035 -7 -1 13 8949
-101 -307 1021 -7 -1 13 8977
-102 -308 1008 -7 -1 14 9008
-107 -316 1002 -6 0 13 9044
-118 -312 1003 -5 -1 13 9070
-119 -316 1003 -5 -3 14 9100
-125 -306 1001 -7 -3 15 9132
-135 -309 1032 -4 -1 15 9164
-140 -309 1079 -3 0 13 9197
-138 -310 1080 -5 -2 11 9223
-118 -302 1065 -7 -2 10 9258
-103 -293 1043 -5 -3 12 9288
-96 -295 1032 -7 0 14 9318
-112 -299 1029 -6 2 15 9347
-130 -302 1022 -6 2 15 9378
-128 -314 1015 -8 -1 13 9409
-142 -300 1003 -7 -3 17 9439
-159 -280 1010 -2 -5 16 9475
-162 -275 1015 -3 -4 15 9500
-161 -276 1013 -8 -2 12 9535
-156 -281 1010 -7 -1 12 9564
-156 -284 1012 -7 -1 11 9599
-141 -298 1020 -7 -1 11 9626
-140 -298 1028 -6 2 12 9658
-147 -308 1027 -6 0 13 9694
-142 -315 999 -8 -4 13 9716
-136 -307 958 -10 -3 11 9753
-150 -306 959 -4 -2 10 9778
-145 -302 988 2 -3 14 9809
-158 -300 1027 -4 -2 14 9838
-159 -307 1029 -7 -1 13 9869
-174 -292 1025 -4 -3 12 9903
-163 -296 1037 -1 -5 10 9932
-154 -294 1043 -5 -5 12 9964
-140 -292 1012 -12 -2 13 9994
-139 -306 982 -10 1 13 10027
-142 -325 994 -4 2 14 10058
-153 -343 1026 -2 1 13 10088
-155 -344 1039 -7 1 10 10125
-159 -327 1034 -8 -1 10 10149
-152 -315 976 -10 -3 13 10184
-157 -324 954 -9 -2 13 10214
-165 -348 958 -6 -1 15 10246
-180 -364 997 -4 1 15 10277
-181 -367 1003 -8 -1 13 10308
-184 -366 1014 -6 -1 11 10341
-182 -352 1011 -1 -4 10 10372
-171 -347 1040 -3 -4 9 10404
-171 -338 1043 -7 -3 11 10436
-159 -332 1032 -6 0 13 10469
-154 -343 1028 -5 0 14 10499
-167 -358 1028 -5 0 12 10530
-174 -348 1038 -2 1 10 10561
-176 -335 1045 -3 -3 13 10592
-184 -319 1008 -11 -2 12 10625
-200 -327 959 -7 0 14 10663
-214 -339 971 -3 0 15 10689
-213 -356 994 -4 -4 13 10718
-223 -349 980 -11 -3 9 10750
-226 -331 956 -7 -4 9 10781
-210 -330 962 -2 -2 10 10810
-227 -328 984 -1 -2 10 10842
-204 -336 993 -6 0 9 10874
-192 -336 971 -11 1 9 10902
-180 -345 944 -10 -1 9 10932
-191 -356 932 -6 0 11 10963
-213 -364 991 4 -2 13 10996
-212 -375 1020 1 -2 12 11022
-217 -355 1016 -9 -7 8 11057
-212 -337 983 -6 -6 9 11087
-217 -328 992 -1 -2 11 11117
-186 -348 1010 -3 0 11 11147
-171 -371 984 -15 3 10 11187
-186 -380 970 -14 2 11 11211
-184 -385 947 -4 -3 12 11242
-205 -392 961 -2 -2 11 11272
-207 -391 1000 -1 -5 11 11305
-203 -370 992 -5 -4 10 11337
-195 -358 968 -10 -4 8 11366
-196 -355 939 -8 -4 9 11398
-203 -368 956 -1 0 11 11428
-206 -381 995 1 -2 12 11459
-212 -381 1006 -7 0 10 11488
-213 -379 989 -9 -4 9 11520
-214 -363 969 -3 -4 9 11550
-214 -360 976 -3 -3 9 11587
-215 -360 990 -4 -1 9 11609
-216 -360 989 -5 -1 10 11641
-222 -366 970 -6 -3 10 11674
-237 -365 953 -4 -5 8 11713
-237 -362 958 -2 -3 9 11735
-241 -361 971 -1 -3 9 11764
-240 -358 978 -5 -3 8 11793
-229 -364 961 -8 -3 7 11824
-229 -367 954 -4 -1 7 11854
-221 -377 958 -3 -1 7 11884
-224 -385 979 -4 -1 8 11914
-221 -386 985 -3 0 8 11945
-217 -387 996 -4 -2 7 11974
-216 -386 986 -6 -1 8 12003
-217 -389 965 -5 -1 7 12033
-212 -400 968 -4 -1 8 12065
-216 -407 975 -4 -1 9 12094
-221 -405 969 -5 -1 9 12124
-225 -412 972 -4 -1 9 12154
-230 -414 972 -3 -1 8 12185
-230 -410 969 -4 -3 7 12214
-232 -405 959 -3 -1 8 12250
-227 -402 961 -4 -1 8 12274
-235 -401 969 -4 -2 8 12305
-237 -403 970 -3 -2 8 12335
-242 -401 956 -4 -4 8 12365
-248 -394 976 -1 -2 8 12397
-254 -392 992 4 -4 9 12425
-256 -385 997 -3 -1 7 12455
-255 -375 968 -7 -2 4 12485
-258 -360 933 -4 -1 6 12515
-265 -358 932 0 -2 7 12545
-272 -362 947 1 -3 7 12575
-288 -361 962 -1 -3 7 12603
-299 -357 952 -3 -3 5 12634
-302 -346 943 -2 -3 3 12664
-307 -334 928 -2 -4 2 12694
-304 -329 916 -3 -3 1 12724
-287 -324 927 0 -1 2 12757
-285 -325 934 1 -3 4 12788
-281 -326 936 -2 -5 3 12811
-283 -273 -258 -4 -4 2 12843
-265 -324 934 1 -4 2 12881
-265 -317 954 1 -4 2 12902
-266 -318 998 1 -5 1 12932
-251 -315 1027 3 -6 1 12961
-261 -304 1002 -4 -3 5 12993
-230 -312 1007 -6 4 2 13022
-230 -310 985 -1 4 3 13053
-222 -316 986 -2 -1 2 13082
-227 -324 983 -3 0 3 13114
-236 -314 962 -1 0 5 13140
-255 -301 932 -3 -4 6 13171
-264 -303 938 -2 -6 3 13200
-297 -287 947 2 -4 2 13231
-316 -258 928 -3 -3 2 13260
-337 -251 968 -4 -3 1 13290
-331 -277 962 -2 -2 1 13326
-315 -250 936 -1 -6 -1 13349
-314 -272 943 -3 -2 -2 13384
-287 -293 959 5 -1 2 13418
-264 -310 974 5 3 2 13441
-241 -344 1001 -1 2 0 13470
-241 -353 985 -8 -1 -2 13499
-253 -344 927 -6 3 2 13533
-260 -350 923 4 -3 3 13564
-272 -351 938 5 -7 4 13588
-276 -332 944 0 -5 3 13618
-292 -328 973 -2 -1 3 13648
-305 -328 974 -2 -1 3 13679
-312 -333 967 -2 -3 -1 13708
-307 -327 943 -2 -1 -1 13739
-287 -325 958 3 2 1 13772
-268 -327 979 3 1 2 13797
-251 -334 991 -1 2 2 13826
-257 -343 947 -6 0 1 13861
-266 -337 919 -5 0 3 13883
-267 -351 916 0 -1 3 13915
-276 -351 940 6 -8 3 13943
-297 -341 973 3 -2 4 13973
-322 -325 975 -3 -1 3 14001
-308 -327 949 -8 -1 1 14032
-327 -333 921 -4 2 1 14062
-290 -356 914 4 1 0 14091
-265 -376 937 2 5 -1 14119
-260 -388 955 -3 2 0 14149
-267 -381 955 -2 1 1 14175
-269 -379 941 -2 -1 3 14206
-287 -365 932 1 -6 3 14237
-301 -350 942 3 -6 2 14266
-316 -326 960 1 0 4 14294
-318 -311 973 -1 -2 2 14323
-306 -305 968 -4 -3 0 14352
-305 -314 940 -1 1 1 14389
-280 -330 936 0 1 0 14412
-248 -350 938 -2 3 -1 14441
-252 -355 936 -3 1 -1 14471
-267 -350 946 0 3 3 14504
-266 -358 943 0 -1 2 14529
-294 -359 957 0 -5 0 14558
-303 -350 948 1 -4 2 14588
-304 -343 957 2 -2 2 14615
-285 -335 960 1 -3 0 14647
-281 -329 950 -2 -2 0 14673
-283 -324 931 -1 2 2 14707
-274 -331 928 1 1 3 14731
-268 -346 929 -1 0 2 14761
-267 -359 942 0 0 2 14791
-272 -347 950 2 0 2 14819
-272 -350 959 1 -2 1 14847
-276 -336 962 -1 -1 0 14877
-282 -328 975 -1 1 1 14910
-285 -335 982 0 1 2 14936
-284 -333 982 -1 1 2 14962
-289 -337 986 -3 0 0 14995
-289 -337 983 -2 0 0 15020
-292 -329 973 -3 0 0 15052
-290 -334 985 -3 0 0 15080
-295 -330 990 -3 2 1 15109
-306 -336 993 -5 2 2 15138
-305 -339 976 -6 0 0 15168
-312 -344 965 -4 -1 -1 15201
-308 -353 956 -2 -1 0 15227
-303 -359 954 -2 -1 0 15258
-297 -360 963 -2 -1 1 15288
-297 -352 961 -1 -1 1 15318
-298 -354 961 0 -2 1 15348
-292 -350 957 0 -2 0 15383
-283 -352 957 2 -2 0 15405
-271 -336 944 1 -3 1 15439
-251 -325 937 1 -4 0 15465
-250 -313 918 0 -3 1 15494
-251 -305 928 1 -1 3 15523
-248 -304 939 2 -2 3 15553
-252 -296 954 -1 -1 1 15581
-245 -297 961 1 -2 0 15612
-240 -287 963 1 -1 -1 15639
-243 -290 955 -3 0 0 15672
-219 -289 979 0 4 -1 15698
-229 -283 981 4 -3 1 15731
-220 -277 967 -1 -2 2 15756
-224 -274 1008 -2 1 1 15788
-240 -239 980 1 0 4 15820
-246 -241 996 1 -3 3 15845
-248 -242 996 -3 -1 2 15875
-235 -261 979 -1 1 2 15906
-236 -256 986 -2 -1 2 15935
-223 -266 979 -2 2 -4 15971
-237 -256 994 2 3 1 15994
-221 -248 1005 5 2 3 16023
-243 -244 994 -4 -3 1 16052
-221 -243 961 -7 -2 0 16083
-232 -235 934 -4 1 3 16116
-240 -255 962 5 -2 5 16141
-236 -244 993 3 -3 3 16171
-231 -213 993 1 -2 0 16201
-227 -189 995 3 -3 -3 16229
-207 -173 993 5 -4 -3 16259
-185 -127 1004 3 2 -5 16289
-186 -134 1036 1 -2 -1 16321
-180 -120 1006 -3 -3 2 16350
-177 -133 987 -6 2 3 16382
-184 -150 988 -6 4 2 16411
-201 -159 1012 -1 3 3 16440
-189 -174 1006 -2 -1 2 16470
-199 -161 992 -4 -4 -1 16507
-186 -171 980 -3 0 1 16532
-184 -180 999 0 3 3 16561
-202 -163 1042 0 -1 4 16590
-179 -189 1049 -4 2 0 16620
-168 -191 1018 -5 -1 2 16650
-161 -191 1013 -3 -1 0 16681
-151 -193 1007 2 -2 1 16713
-142 -186 1020 -1 1 4 16742
-147 -195 1008 -5 -2 4 16775
-147 -193 1008 -3 0 4 16803
-150 -205 1023 -1 0 4 16836
-142 -204 1025 -2 -2 3 16864
-136 -200 1017 -3 -2 2 16896
-136 -194 1016 -2 -1 4 16927
-134 -194 1016 -2 0 5 16958
-127 -208 1023 -3 0 4 16988
-130 -204 1047 -1 1 5 17025
-132 -217 1056 -3 -2 4 17054
-125 -208 1041 -5 -2 4 17078
-127 -200 1021 -2 -2 4 17111
-136 -204 1018 -2 0 6 17145
-123 -214 1007 -3 -1 6 17173
-116 -221 988 -6 -1 5 17204
-119 -231 1006 -1 1 6 17237
-120 -228 1013 1 -2 6 17265
-113 -230 1016 -4 -3 5 17294
-106 -228 1037 0 0 4 17325
-120 -212 1030 -1 -2 8 17354
-95 -226 1026 -6 -2 5 17387
-85 -229 998 -2 -2 6 17415
-74 -228 1035 1 1 7 17445
-68 -236 1058 1 -1 6 17473
-54 -221 1060 -4 -1 6 17502
-51 -221 1050 -4 0 6 17532
-51 -204 1028 -3 -1 8 17565
-47 -212 1012 -5 -1 9 17592
-49 -220 1025 -3 1 10 17622
-54 -227 1033 -1 -2 11 17652
-49 -227 1033 -8 -2 8 17683
-48 -229 1015 -6 -2 8 17713
-46 -222 1032 -1 0 10 17743
-32 -226 1063 0 -1 8 17774
-14 -229 1080 -4 -1 7 17805
-13 -229 1079 -7 0 8 17833
-15 -222 1060 -6 2 10 17862
-10 -229 1046 -6 -2 11 17892
-20 -230 1050 -6 1 12 17923
-33 -243 1072 -2 -1 13 17954
-29 -238 1086 -6 -3 12 17985
-17 -232 1058 -10 -4 9 18015
8 -231 1037 -5 -5 10 18049
15 -229 1051 -6 -1 12 18075
25 -247 1070 -6 -1 12 18112
30 -251 1063 -10 0 12 18135
25 -260 1074 -8 0 13 18168
29 -264 1080 -5 -1 12 18195
29 -272 1098 -7 -3 14 18227
28 -277 1080 -10 -3 15 18254
8 -294 1066 -7 0 17 18289
3 -322 1075 -6 -1 18 18316
-2 -347 1083 -9 1 18 18343
-12 -373 1083 -11 1 16 18374
-8 -370 1068 -7 -3 13 18406
3 -361 1059 -6 -4 13 18436
15 -352 1059 -7 -5 13 18463
34 -342 1056 -6 -4 15 18496
30 -338 1060 -7 -2 17 18522
35 -357 1041 -10 -2 17 18557
37 -376 1045 -9 1 18 18586
26 -394 1081 -6 1 18 18615
21 -395 1106 -5 -2 16 18648
26 -386 1104 -7 -3 15 18675
41 -370 1083 -10 -4 14 18704
54 -365 1078 -6 -3 16 18736
61 -367 1110 -6 -2 18 18766
57 -377 1110 -9 0 17 18796
69 -380 1099 -9 1 17 18829
63 -379 1073 -10 0 18 18854
56 -383 1048 -9 -1 18 18885
40 -384 1047 -5 -1 19 18914
30 -380 1057 -4 -3 20 18945
29 -378 1060 -7 -2 18 18975
32 -371 1052 -8 -3 17 19006
39 -363 1037 -8 -5 17 19035
46 -370 1028 -8 -4 17 19065
51 -373 1053 -5 0 19 19096
52 -384 1096 -4 -2 20 19128
58 -390 1097 -10 -2 18 19154
51 -385 1073 -10 -2 17 19184
59 -379 1065 -5 -3 18 19216
58 -376 1081 -3 -2 19 19247
65 -377 1086 -7 -2 19 19277
74 -372 1066 -10 -2 18 19308
73 -365 1045 -8 -4 19 19338
58 -373 1051 -6 -3 20 19371
53 -378 1067 -5 -2 19 19398
48 -374 1098 -8 -1 19 19430
46 -373 1103 -7 -1 19 19458
57 -366 1090 -11 -3 18 19495
60 -367 1072 -9 -4 17 19521
68 -367 1072 -8 -2 20 19551
71 -382 1097 -8 -2 20 19581
68 -388 1107 -7 -2 19 19612
81 -391 1111 -10 -2 19 19641
72 -391 1077 -12 -2 19 19672
67 -387 1039 -8 -3 19 19709
64 -394 1058 -5 -2 21 19733
54 -400 1088 -5 -1 22 19764
49 -410 1104 -9 -2 21 19794
62 -407 1082 -11 -3 19 19825
62 -406 1050 -9 -4 19 19859
64 -405 1047 -7 -2 19 19884
59 -406 1078 -6 -3 21 19918
55 -411 1093 -8 -2 21 19945
66 -402 1089 -8 -2 20 19978
70 -399 1082 -8 -3 19 20005
77 -397 1072 -6 -3 19 20039
84 -390 1070 -8 -4 20 20067
85 -391 1055 -10 -3 21 20098
71 -397 1072 -6 -1 22 20128
66 -410 1082 -7 -2 22 20159
63 -416 1076 -9 -3 20 20188
71 -401 1065 -8 -2 19 20219
67 -391 1057 -7 -2 21 20253
67 -396 1070 -6 -2 20 20278
67 -395 1080 -7 -2 20 20309
68 -392 1070 -10 -2 20 20339
62 -396 1063 -8 -1 21 20371
52 -400 1081 -5 -1 22 20400
48 -413 1085 -9 -1 21 20431
47 -409 1067 -9 -2 20 20461
47 -394 1053 -7 -2 20 20491
39 -397 1057 -6 -2 21 20521
34 -402 1070 -7 -1 20 20552
30 -391 1069 -8 -2 20 20581
29 -387 1052 -8 -2 20 20611
20 -395 1051 -7 -1 21 20644
16 -404 1052 -7 -2 21 20671
-1 -419 1068 -8 -1 21 20708
-3 -417 1066 -8 -1 21 20731
-11 -417 1047 -8 -4 19 20768
-7 -423 1035 -7 -3 18 20794
-9 -418 1038 -7 -2 18 20824
-3 -419 1050 -7 -1 18 20854
-7 -422 1051 -8 -2 18 20884
-9 -422 1034 -10 -3 18 20915
-21 -422 1023 -8 -2 18 20945
-27 -429 1024 -6 -2 19 20977
-35 -448 1037 -8 -2 19 21013
-33 -454 1030 -8 -3 18 21038
-27 -452 1019 -8 -4 17 21072
-18 -453 1009 -7 -4 16 21102
-15 -452 1017 -8 -3 17 21133
4 -459 1026 -7 -3 19 21167
3 -475 1040 -7 -2 18 21193
15 -485 1058 -7 -1 17 21222
22 -479 1056 -8 -4 17 21252
10 -475 1041 -9 -3 17 21283
-1 -464 1043 -5 -1 19 21317
-6 -464 1081 -2 -2 22 21342
-5 -478 1098 -9 -2 20 21373
3 -471 1057 -13 -4 16 21403
10 -459 1045 -8 -2 17 21433
31 -470 1051 -9 -3 21 21463
9 -495 1064 -11 1 19 21494
24 -502 1054 -9 -2 19 21523
25 -506 1066 -9 -3 20 21553
26 -505 1063 -7 -1 18 21583
47 -497 1057 -9 -5 17 21614
50 -484 1031 -13 -5 17 21643
53 -477 1018 -8 -2 20 21674
58 -495 1049 -8 -1 23 21705
46 -515 1066 -7 -1 20 21736
47 -511 1069 -7 -3 18 21765
40 -500 1058 -8 -3 20 21795
26 -488 1045 -6 -4 21 21831
26 -494 1058 -4 -3 22 21854
44 -502 1071 -7 -5 19 21887
60 -500 1061 -9 -5 17 21914
76 -474 1003 -11 -5 17 21947
72 -469 986 -6 -3 21 21978
40 -474 1018 -1 -3 24 22007
23 -480 1043 -3 -3 24 22037
18 -481 1066 -8 -2 21 22067
28 -473 1043 -10 -6 19 22097
30 -475 1035 -10 -3 17 22128
44 -483 1048 -4 -4 15 22159
51 -473 1058 -8 -4 18 22189
45 -464 1046 -7 -1 17 22220
44 -451 1045 -2 0 21 22250
30 -455 1051 -7 1 19 22278
-1 -441 1041 -6 2 17 22308
-19 -425 1045 -4 1 20 22338
-54 -421 1044 -5 0 22 22370
-77 -423 1028 -5 -3 21 22397
-96 -427 1017 -4 -5 20 22429
-105 -421 1001 -4 -7 17 22459
-110 -419 1013 -4 -1 13 22493
-107 -410 1030 -6 -1 11 22529
-92 -407 1015 -9 2 10 22557
-83 -406 1012 -7 1 10 22586
-89 -405 1016 -3 1 12 22616
-98 -405 1031 -1 0 13 22647
-107 -400 1036 -4 -2 13 22678
-121 -385 1034 -4 -3 12 22709
-132 -373 1018 -1 -7 14 22743
-146 -361 1013 -2 -4 13 22774
-151 -345 1001 -1 -4 12 22807
-164 -316 986 -2 -2 10 22843
-173 -307 986 -4 -2 9 22868
-187 -291 983 -2 -1 8 22908
-193 -283 967 -2 -1 8 22933
-198 -281 972 -2 0 7 22958
-207 -274 974 -2 -1 6 22991
-208 -273 965 -4 -1 6 23018
-198 -288 956 -4 -3 5 23052
-198 -293 956 -1 -2 5 23078
-190 -300 974 -1 -1 5 23112
-179 -310 978 -6 -2 3 23140
-175 -308 984 -3 -1 4 23171
-172 -303 1008 0 -1 5 23201
-165 -301 1034 -1 -4 3 23231
-154 -297 1041 -5 -3 4 23261
-154 -292 1039 -6 1 6 23293
-146 -292 1007 -7 -2 7 23323
-119 -318 972 -10 0 5 23354
-118 -344 961 -3 -1 6 23384
-111 -367 972 2 2 7 23415
-110 -372 994 0 -1 7 23440
-110 -365 995 -4 -2 6 23471
-110 -340 996 -1 0 8 23502
-117 -316 1006 3 -2 10 23532
-128 -307 1045 3 -1 10 23562
-135 -299 1057 1 -1 10 23593
-147 -284 1045 -4 -2 10 23625
-157 -276 994 -6 -5 8 23660
-152 -266 975 0 -5 8 23687
-133 -274 967 2 -4 7 23714
-122 -260 980 -4 3 5 23747
-127 -261 991 -4 4 4 23773
-127 -274 1010 -4 8 4 23803
-144 -290 1029 -3 5 5 23834
-153 -297 1011 -7 -2 5 23863
-181 -302 1003 -2 -1 7 23897
-192 -288 1028 4 -1 10 23927
-195 -279 1044 -1 -2 9 23961
-197 -269 1020 -7 -1 5 23989
-199 -260 1000 -3 -1 4 24020
-199 -250 1006 3 0 4 24051
-200 -243 1009 1 -1 4 24079
-197 -239 995 -4 1 5 24110
-198 -248 1008 -2 5 6 24139
-209 -244 991 -1 -1 6 24170
-222 -247 972 -6 -4 4 24199
-244 -261 954 -5 -1 4 24230
-252 -258 934 1 0 5 24260
-260 -276 948 -2 -2 4 24288
-277 -296 947 -5 -4 -2 24318
-292 -304 929 -3 -2 -2 24350
-315 -309 931 1 0 0 24381
-325 -313 950 3 -6 1 24415
-314 -300 928 0 -9 0 24438
-304 -292 913 -2 -5 2 24468
-296 -302 913 4 -1 4 24502
-303 -299 941 2 0 3 24528
-312 -314 990 0 1 2 24555
-319 -312 958 -4 0 2 24583
-303 -314 928 -7 2 0 24610
-293 -330 917 1 -2 -1 24643
-292 -333 921 5 -2 1 24669
-295 -326 938 0 -1 1 24702
-286 -326 945 -2 -1 1 24728
-303 -316 926 -3 -1 1 24759
-320 -311 920 -1 0 1 24794
-332 -314 933 4 -1 1 24818
-336 -310 951 4 -2 1 24847
-337 -310 995 2 -1 -1 24876
-319 -296 973 -3 -3 -3 24907
-334 -296 937 -4 1 1 24941
-310 -301 939 1 1 1 24965
-311 -311 959 6 1 2 24995
-305 -313 966 -2 1 1 25028
-296 -326 948 -6 -1 -1 25052
-320 -318 922 -2 -2 -1 25084
-344 -310 923 4 -2 1 25115
-345 -301 927 1 -5 0 25144
-347 -288 955 0 -3 -2 25173
-350 -281 970 3 -1 -1 25203
-359 -265 972 -3 0 0 25233
-340 -287 969 -5 2 -2 25263
-334 -295 960 0 -1 -2 25293
-310 -304 954 -1 1 -1 25323
-301 -319 962 1 0 -1 25353
-300 -317 964 0 0 0 25383
-305 -318 943 -5 1 0 25410
-305 -316 935 -3 0 0 25439
-333 -316 948 5 -2 1 25469
-335 -298 954 1 -2 0 25499
-326 -299 965 -2 1 -2 25525
-320 -286 926 0 -8 -3 25562
-301 -272 921 1 -1 -1 25587
-287 -271 945 5 1 -3 25619
-284 -256 985 5 0 -1 25646
-289 -256 1009 0 2 -1 25674
-281 -247 995 -3 -1 -1 25708
-283 -238 973 -3 -2 -3 25737
-286 -239 934 0 -3 1 25768
-245 -223 927 2 -4 -1 25798
-254 -219 953 3 -1 2 25827
-254 -213 962 -1 3 3 25857
-275 -227 1002 -4 4 1 25886
-301 -227 1005 -4 2 -1 25915
-290 -231 1005 -3 0 -4 25947
-288 -228 1005 1 -3 -4 25979
-262 -217 989 0 -5 -2 26009
-243 -214 964 -3 -3 1 26039
-223 -226 946 -2 -2 2 26069
-234 -243 950 1 1 3 26106
-232 -246 967 0 1 2 26128
-253 -244 991 0 0 1 26159
-269 -226 1005 1 -1 0 26189
-258 -220 1005 0 -4 -3 26214
-264 -202 992 -2 0 0 26245
-240 -208 975 -1 -1 0 26275
-222 -217 962 -2 -1 1 26305
-216 -227 970 0 0 1 26334
-220 -234 973 1 0 2 26363
-227 -228 978 -1 0 2 26390
-232 -226 979 -1 -1 1 26422
-236 -222 978 0 -1 1 26449
-235 -230 991 1 0 1 26480
-245 -228 1003 -1 -1 0 26507
-226 -230 997 -3 -1 -1 26539
-221 -229 956 -4 0 1 26572
-204 -237 953 -1 -1 0 26597
-208 -237 979 4 0 3 26637
-217 -235 1017 1 1 4 26662
-221 -234 1027 -3 1 3 26685
-225 -229 1006 -5 -1 0 26716
-214 -224 974 -4 0 -1 26748
-219 -223 980 3 -2 1 26781
-203 -219 986 2 -2 1 26805
-196 -223 1000 -2 0 2 26836
-198 -226 985 -4 1 2 26866
-211 -228 975 -2 1 3 26896
-211 -235 990 1 -1 2 26924
-203 -226 999 0 -3 0 26954
-193 -219 1017 0 -2 -1 26982
-175 -204 1009 0 -4 0 27014
-178 -196 997 -3 0 1 27044
-160 -196 992 -1 -1 1 27073
-159 -191 991 0 0 3 27103
-157 -194 1015 0 0 3 27132
-149 -194 1017 -2 -1 3 27165
-150 -191 999 -5 0 2 27191
-145 -199 994 -2 -1 2 27221
-135 -198 992 0 -2 3 27251
-131 -204 1018 0 1 4 27280
-129 -204 1025 -2 0 3 27309
-135 -206 1032 -3 1 3 27340
-136 -199 1022 -3 -1 3 27370
-136 -199 1019 -2 -2 3 27400
-129 -195 1013 -3 -2 4 27432
-129 -198 1022 -1 -2 4 27464
-134 -195 1030 -4 -1 5 27494
-137 -210 1019 -6 2 5 27527
-127 -219 1008 -7 2 4 27554
-116 -244 996 -2 -2 3 27589
-99 -252 997 -1 0 4 27616
-88 -251 1014 -1 -1 4 27642
-77 -241 1024 -3 -3 5 27676
-91 -233 1029 -5 0 6 27701
-102 -236 1039 -1 -1 8 27735
-113 -235 1065 0 -1 8 27765
-110 -235 1086 -2 -2 6 27796
-93 -222 1065 -5 -4 3 27829
-75 -215 1025 -8 -4 3 27856
-62 -216 996 -6 0 6 27887
-51 -231 1005 1 1 7 27914
-45 -238 1023 -1 4 8 27942
-52 -254 1053 -4 4 7 27972
-74 -265 1063 -7 5 6 28000
-104 -259 1053 -4 -3 7 28036
-110 -255 1058 -1 -5 7 28060
-88 -221 1042 -1 -4 7 28095
-76 -204 1032 -5 -2 8 28121
-64 -223 1025 -4 0 8 28154
-63 -234 1023 -2 1 8 28183
-70 -249 1035 -2 0 8 28214
-69 -246 1029 -2 -2 6 28238
-60 -235 1031 -2 -1 6 28270
-51 -227 1046 -1 -2 8 28303
-50 -212 1050 -3 -1 9 28329
-46 -224 1022 -7 -2 8 28363
-41 -231 1024 -3 0 8 28389
-49 -234 1047 0 0 10 28422
-50 -232 1062 -3 0 9 28448
-57 -226 1061 -5 0 8 28479
-63 -213 1043 -4 -3 8 28512
-60 -219 1030 -3 -3 8 28537
-52 -211 1024 -3 -1 9 28568
-49 -217 1024 -4 0 9 28597
-53 -222 1030 -4 2 10 28627
-59 -228 1043 -3 2 10 28658
-69 -230 1049 -3 -1 9 28687
-75 -224 1044 -4 -2 9 28717
-76 -217 1054 -1 -2 8 28753
-69 -219 1057 -2 -2 9 28777
-61 -216 1037 -8 -1 8 28809
-55 -226 1019 -7 -2 7 28836
-51 -228 1019 -1 1 10 28871
-51 -236 1040 0 0 10 28896
-52 -231 1063 -4 1 8 28929
-56 -223 1054 -7 0 9 28955
-68 -224 1046 -5 -1 9 28986
-65 -223 1050 -1 -4 9 29016
-62 -216 1056 -4 -1 10 29046
-50 -230 1051 -5 -1 9 29079
-50 -228 1051 -3 1 11 29108
-56 -228 1049 -6 -2 10 29138
-52 -238 1020 -7 -2 8 29169
-44 -231 1001 -3 -2 9 29198
-51 -237 1026 -1 -1 11 29229
-49 -238 1052 -2 0 10 29260
-51 -242 1066 -6 0 9 29295
-49 -244 1041 -9 -1 8 29319
-42 -248 1036 -5 -3 10 29350
-35 -250 1044 0 -2 11 29381
-33 -250 1072 -2 0 11 29411
-33 -246 1073 -8 1 10 29441
-42 -245 1054 -4 -1 11 29478
-40 -244 1036 -4 -4 12 29501
-36 -253 1017 -5 -2 12 29535
-29 -256 1014 -3 -1 12 29565
-37 -269 1030 -4 -1 13 29597
-48 -289 1037 -7 2 13 29627
-57 -308 1042 -6 1 13 29657
-57 -323 1043 -6 -1 12 29688
-48 -326 1036 -5 -1 11 29720
-40 -316 1033 -5 -2 11 29750
-39 -309 1047 -4 0 13 29781
-41 -312 1037 -8 -2 14 29817
-37 -324 1038 -6 -1 13 29848
-36 -321 1031 -4 -1 13 29874
-34 -327 1046 -5 -1 12 29905
-36 -320 1054 -4 0 13 29937
-36 -314 1064 -5 -1 14 29966
-41 -318 1063 -7 -2 13 29997
-40 -315 1049 -5 0 14 30029
-37 -321 1052 -4 -1 14 30060
-45 -326 1048 -5 -2 14 30090
-39 -323 1028 -7 -1 14 30123
-34 -321 1032 -2 -1 14 30153
-39 -318 1024 -8 0 14 30185
-37 -338 1027 -8 0 14 30214
-43 -339 1030 -1 -1 15 30244
-48 -335 1046 -6 -1 15 30276
-51 -337 1050 -8 -2 13 30307
-49 -317 1044 -5 -2 14 30343
-55 -322 1053 -4 -1 15 30367
-46 -324 1054 -5 -1 13 30405
-42 -324 1037 -9 -1 13 30432
-31 -328 1005 -6 -3 14 30462
-30 -326 1005 -5 -1 15 30494
-47 -333 1051 1 1 16 30525
-48 -324 1077 -3 2 15 30555
-55 -316 1070 -13 -2 13 30584
-56 -312 1019 -9 -3 13 30617
-52 -317 1021 1 -1 16 30649
-53 -321 1043 -2 1 15 30677
-57 -327 1050 -9 -2 13 30710
-60 -322 1020 -9 -3 15 30740
-64 -315 1008 -3 -3 16 30770
-66 -313 1036 -1 1 14 30802
-63 -310 1060 -3 0 13 30832
-55 -296 1049 -10 0 11 30861
-50 -303 1000 -7 -3 13 30899
-49 -312 984 -4 -2 14 30923
-54 -333 1009 -1 -1 15 30955
-58 -333 1031 -5 -1 14 30987
-69 -317 1016 -8 -3 15 31018
-79 -307 1020 -2 -3 15 31049
-84 -290 1051 2 -1 14 31080
-84 -284 1065 -7 -1 12 31109
-82 -280 1044 -9 -1 11 31141
-75 -278 1021 -3 -3 13 31172
-78 -288 1057 -1 0 13 31208
-75 -295 1068 -3 0 12 31231
-77 -288 1055 -9 1 11 31264
-72 -288 1029 -9 -1 11 31294
-80 -284 986 -4 -2 14 31326
-85 -290 992 -3 -1 14 31353
-87 -297 1013 -3 -2 13 31388
-94 -283 1018 -8 -1 13 31419
-95 -283 1022 -6 0 12 31447
-94 -282 1021 -5 0 12 31478
-93 -289 1025 -6 -1 10 31509
-83 -291 1026 -6 -2 10 31539
-79 -290 1023 -4 -1 12 31570
-82 -301 1048 -4 1 13 31601
-93 -310 1087 -2 0 12 31635
-92 -299 1083 -7 0 11 31660
-98 -283 1046 -7 -3 11 31694
-93 -274 1034 0 -4 13 31728
-91 -273 1044 -1 -1 12 31754
-86 -269 1046 -7 1 11 31785
-88 -269 1027 -8 2 10 31815
-91 -261 1015 -3 -1 12 31844
-97 -253 1016 -2 -2 12 31876
-100 -240 1019 -3 -1 12 31907
-106 -214 1039 -1 -2 13 31945
-114 -198 1041 -5 -1 13 31972
-119 -197 1038 -5 -2 11 32004
-115 -204 1027 -4 -1 10 32036
-114 -201 1025 -4 0 9 32068
-109 -207 1022 -5 1 10 32099
-108 -218 1011 -4 0 11 32131
-118 -221 1021 -3 1 10 32161
-123 -226 1043 -1 0 10 32193
-122 -218 1043 -6 1 9 32223
-120 -220 1030 -7 -1 9 32253
-120 -214 1008 -3 -2 10 32285
-120 -214 1016 -2 -2 11 32317
-129 -234 1034 -4 0 11 32354
-130 -238 1025 -6 0 10 32381
-140 -254 1023 -6 -2 10 32412
-139 -270 1011 -3 -1 9 32443
-146 -261 1017 -2 -2 8 32481
-140 -258 1018 -2 -2 7 32505
-129 -228 1021 -3 -1 8 32539
-131 -215 1025 -4 0 9 32566
-131 -193 1028 -3 -1 9 32601
-130 -189 1035 -4 0 9 32630
-125 -190 1038 -4 -1 9 32660
-115 -191 1036 -5 0 8 32691
-111 -202 1042 -4 -1 8 32722
-110 -203 1041 -4 0 9 32753
-110 -207 1035 -4 0 10 32782
-111 -202 1014 -4 -1 10 32814
-131 -195 1004 -3 -1 10 32849
-143 -197 1023 0 -1 10 32879
-148 -187 1032 -3 0 10 32913
-166 -190 1036 -5 0 11 32941
-159 -197 1021 -7 0 10 32973
-175 -227 1001 -5 -2 8 33009
-172 -245 995 -5 -2 8 33032
-168 -271 1002 -4 -1 8 33067
-163 -275 1023 -4 0 8 33096
-168 -269 1034 -5 0 9 33126
-171 -263 1033 -6 0 8 33156
-165 -261 1019 -5 -1 8 33187
-160 -255 999 -7 -1 8 33218
-155 -269 999 -5 -1 9 33247
-154 -276 1013 -2 0 10 33278
-158 -282 1024 -5 0 11 33310
-150 -290 1012 -9 0 8 33341
-157 -279 1004 -5 0 8 33370
-166 -267 1016 -3 -2 9 33400
-167 -257 1025 -5 -1 9 33435
-164 -258 1028 -4 -1 10 33461
-164 -262 1035 -5 -1 10 33497
-164 -271 1012 -7 -2 9 33527
-159 -276 997 -4 -1 9 33565
-158 -276 1007 -2 -1 10 33587
-160 -276 1030 -5 1 10 33627
-164 -278 1036 -5 0 10 33651
-163 -278 1023 -5 0 9 33686
-161 -274 1004 -6 -2 9 33714
-159 -273 995 -5 -1 9 33745
-159 -270 994 -2 -1 11 33775
-153 -277 1001 -4 -1 11 33806
-157 -281 1003 -5 -1 10 33838
-150 -278 1001 -4 0 10 33872
-153 -274 1001 -5 -1 9 33902
-154 -268 1007 -5 -1 10 33933
-163 -272 1028 -2 -1 12 33965
-160 -278 1043 -5 -1 12 33997
-156 -278 1017 -8 -3 9 34032
-149 -278 1000 -5 -2 10 34062
-146 -277 1006 -3 -1 10 34109
-134 -282 1009 -5 -1 10 34134
-127 -288 1009 -5 0 11 34161
-129 -291 1014 -4 0 11 34187
-138 -294 1024 -5 -1 11 34222
-138 -285 1027 -4 -2 11 34252
-140 -274 1022 -6 -1 12 34290
-142 -273 1010 -6 -2 12 34315
-145 -282 1016 -3 0 12 34351
-150 -280 1020 -4 0 12 34381
-149 -276 1025 -6 -1 11 34412
-151 -265 1017 -6 0 11 34443
-159 -259 1016 -4 0 12 34475
-167 -269 1020 -5 -1 12 34506
-158 -271 1000 -6 -2 12 34541
-161 -270 993 -5 -2 12 34570
-157 -267 986 -4 -2 12 34610
-160 -265 992 -5 -1 11 34635
-258 8411 31138 -7 -258 -258 34665
-159 -246 1019 -3 0 11 34704
-159 -243 1028 -5 0 11 34733
-159 -244 1031 -6 0 10 34764
-159 -237 1025 -5 0 11 34798
-152 -239 1021 -5 -1 10 34826
-147 -228 1013 -5 -1 11 34858
-145 -218 1021 -3 1 11 34891
-144 -203 1019 -3 -1 12 34923
-152 -186 1018 -5 -1 11 34956
-163 -174 1020 -1 -3 12 34987
-161 -164 1007 -4 -3 12 35019
-164 -171 1014 -4 -1 11 35052
-164 -171 1002 -3 0 11 35083
-178 -187 990 -6 1 12 35116
-180 -200 976 -5 0 9 35149
-202 -215 974 -4 -1 10 35176
-213 -228 978 -4 1 9 35205
-210 -237 991 -3 -1 7 35232
-219 -222 1004 -3 -2 7 35267
-216 -207 1003 -3 -2 7 35295
-210 -205 997 -2 -2 7 35326
-207 -202 1013 -1 0 8 35357
-195 -186 1050 -1 -1 6 35387
-175 -184 1050 -2 0 5 35418
-165 -160 1037 -4 0 5 35448
-157 -139 1010 -4 -4 5 35479
-142 -110 983 1 -3 7 35510
-123 -82 990 3 -4 11 35545
-124 -82 1003 -1 1 12 35570
-131 -92 1022 -3 1 11 35598
-147 -83 1015 -5 2 9 35629
-167 -73 1020 -3 -1 7 35657
-177 -50 1011 -2 -3 5 35693
-178 -38 1013 -1 -4 5 35717
-165 -22 999 -2 -3 6 35748
-160 -26 994 -4 0 8 35777
-159 -44 993 -4 2 8 35805
-159 -54 1007 -3 1 6 35833
-170 -46 1032 -2 0 6 35863
-169 -31 1038 -3 0 6 35891
-166 -27 1027 -4 -2 5 35921
-161 -23 1009 -5 -2 6 35951
-157 -18 1003 -2 -2 6 35981
-153 -12 1011 -1 -2 7 36011
-164 -7 1029 -2 0 8 36041
-164 -4 1031 -3 0 7 36067
-169 -8 1041 -2 1 5 36100
-167 -10 1036 -2 1 5 36124
-167 -17 1020 -5 1 5 36154
-171 -20 1000 -4 -1 4 36186
-163 -29 966 -3 -3 6 36220
-165 -32 961 -3 -3 7 36245
-173 -43 967 -2 -4 6 36272
-189 -35 975 0 -3 6 36305
-211 -27 994 -2 -1 5 36332
-230 -18 1004 -3 -2 4 36358
-231 -19 1007 -1 -4 2 36389
-218 -26 1001 -1 -5 2 36420
-210 -30 989 -2 1 4 36449
-202 -49 1000 -2 -1 4 36475
-208 -98 996 -4 0 3 36509
-212 -119 992 -5 1 2 36534
-231 -150 994 -5 1 1 36564
-258 -177 992 -5 2 0 36593
-264 -175 987 -1 -2 1 36622
-260 -159 989 3 -6 1 36653
-246 -135 982 2 -5 3 36682
-245 -116 990 0 -3 4 36710
-241 -106 985 -1 -2 4 36743
-234 -113 977 -3 0 4 36771
-240 -118 977 -2 0 4 36800
-239 -129 976 -2 0 3 36828
-235 -136 978 -2 0 3 36857
-230 -138 982 -1 -1 2 36888
-229 -138 990 -2 0 2 36917
-233 -129 992 -2 1 2 36946
-233 -130 996 -1 -1 3 36976
-237 -135 992 -1 -1 4 37006
-250 -141 989 -2 -1 5 37035
-256 -148 984 -2 -1 6 37066
-254 -161 980 -2 -2 6 37096
-267 -168 971 -2 -2 5 37126
-267 -172 961 -2 -1 3 37156
-263 -176 959 -1 -1 2 37186
-261 -168 959 -1 0 1 37216
-259 -159 962 -2 0 1 37246
-249 -162 967 -2 0 2 37278
-258 -163 977 0 0 3 37309
-261 -163 982 -1 0 2 37335
-259 -167 988 -3 1 2 37360
-260 -173 987 -1 -1 2 37389
-258 8858 -1 -258 -258 -258 37420
-259 -182 980 -1 -1 3 37460
-261 -187 977 -1 -1 3 37485
-263 -190 974 -1 -1 3 37516
-268 -196 979 -1 0 3 37547
-272 -192 974 -2 0 3 37577
-271 -193 972 -2 0 2 37605
-267 -190 970 -1 0 2 37634
-271 -182 962 -2 0 2 37664
-269 -182 962 -1 -1 2 37694
-272 -186 961 -1 -1 2 37722
-276 -184 969 -1 1 2 37753
-273 -189 977 -1 0 2 37783
-274 -183 974 -2 0 2 37815
-270 -187 967 -2 0 2 37842
-274 -186 961 -2 0 2 37868
-274 -186 960 -2 -1 2 37900
-272 -190 964 -1 -1 2 37932
-276 -184 961 -2 -1 3 37957
-278 -189 954 -2 -1 2 37990
-283 -191 954 -1 -1 2 38022
-287 -193 957 -2 -1 2 38050
-290 -196 959 -2 -1 3 38080
-291 -200 962 -2 -1 2 38110
-293 -207 961 -1 -1 1 38140
-288 -216 969 -1 -1 1 38171
-284 -226 969 -2 -1 1 38200
-276 -229 975 -2 0 0 38230
-273 -226 976 -1 -1 1 38260
-278 -214 976 -2 0 2 38291
-276 -221 973 -2 -2 2 38319
-284 -216 967 -1 -1 3 38353
-280 -218 964 -1 -2 2 38380
-279 -219 956 -3 -1 2 38409
-284 -219 956 -1 -2 2 38439
-287 -216 959 0 -1 2 38470
-289 -215 966 -1 0 2 38499
-283 -217 971 -1 -1 1 38528
-281 -211 970 -2 0 0 38558
-278 -213 968 -1 0 1 38587
-272 -219 970 0 -1 1 38617
-274 -223 969 -1 0 2 38644
-274 -225 972 -1 -1 3 38677
-271 -229 962 -2 -1 2 38703
-285 -224 960 -1 -1 2 38737
-293 -214 967 1 -2 2 38766
-296 -203 959 -1 -2 2 38792
-291 -205 957 -2 -1 1 38826
-293 -205 953 0 -1 1 38855
-290 -204 969 1 0 1 38888
-284 -204 978 -1 1 0 38911
-281 -206 984 -1 0 0 38941
-276 -208 973 -2 1 0 38970
-285 -201 966 -1 0 1 38999
-282 -212 966 0 -2 2 39028
-285 -210 957 -2 0 2 39056
-289 -217 956 -1 -2 3 39087
-292 -229 950 -2 -1 3 39121
-304 -235 953 -2 0 3 39147
-306 -245 954 -1 -1 1 39175
-309 -256 956 -2 0 1 39206
-313 -267 960 -2 0 1 39235
-313 -274 960 -2 1 2 39264
-314 -282 957 -3 0 3 39293
-315 -296 949 -4 1 3 39324
-319 -305 944 -4 0 4 39349
-327 -330 931 -4 1 4 39382
-337 -352 931 -3 -1 4 39414
-351 -368 929 -4 0 4 39438
-359 -391 936 -5 0 3 39469
-372 -408 924 -4 0 2 39498
-383 -424 924 -4 0 2 39528
-387 -423 924 -1 -1 1 39561
-382 -423 923 -2 -1 2 39586
-373 -425 925 -2 0 2 39617
-365 -427 926 -1 0 2 39646
-351 -432 935 -1 1 1 39675
-360 -422 935 -1 0 1 39704
-359 -418 939 -1 0 2 39733
-362 -409 937 -1 -1 3 39763
-364 -399 938 -1 -2 3 39792
-360 -396 938 -2 -2 3 39822
-356 -394 943 -1 -1 3 39852
-355 -387 946 0 -1 2 39887
-352 -375 969 0 1 1 39913
-351 -359 966 -1 1 1 39943
-341 -335 952 -3 0 0 39970
-338 -329 924 -3 0 3 40000
-337 -333 908 -3 -1 4 40026
-341 -341 906 -1 -1 4 40059
-335 -353 914 0 -2 3 40088
-336 -348 908 -1 -2 2 40118
-332 -340 910 -2 -2 1 40145
-331 -326 922 0 -1 2 40179
-325 -317 940 2 -1 1 40204
-311 -306 968 0 0 0 40238
-308 -303 981 -2 0 0 40262
-308 -296 980 -3 0 2 40292
-302 -302 975 -4 0 3 40321
-299 -312 959 -4 -1 4 40352
-301 -322 951 -3 -1 5 40381
-305 -335 947 -3 -1 4 40411
-310 -346 944 -3 -2 4 40441
-311 -358 940 -3 -1 3 40478
-308 -360 939 -2 0 3 40502
-305 -365 947 -2 0 3 40531
-310 -370 947 -2 0 4 40561
-315 -375 944 -4 0 5 40589
-316 -392 942 -4 0 6 40618
-320 -409 935 -3 0 7 40647
-328 -426 934 -3 -1 6 40676
-333 -433 926 -4 -1 6 40706
-337 -435 917 -3 -1 4 40737
-341 -424 917 -2 -2 4 40767
-339 -414 928 -2 -1 5 40797
-346 -408 957 0 -2 5 40827
-343 -407 969 -3 0 5 40856
-354 -408 985 -4 -2 5 40885
-348 -413 954 -6 -3 5 40921
-326 -418 927 -5 -2 7 40947
-309 -430 910 -3 -2 8 40975
-293 -442 920 -1 -1 7 41009
-294 -452 929 -2 -1 7 41037
-284 -459 935 -4 1 5 41067
-290 -461 950 -2 2 4 41095
-288 -460 950 -2 1 5 41125
-287 -453 952 -4 -1 6 41155
-287 -448 947 -4 -3 8 41183
-295 -441 956 -1 -4 10 41217
-301 -430 958 -3 -5 10 41245
-293 -431 947 -7 -4 8 41278
-298 -432 932 -5 -1 8 41306
-291 -438 936 -1 0 7 41337
-288 -449 953 -3 0 7 41366
-280 -461 952 -7 1 6 41395
-270 -467 940 -6 -2 7 41424
-254 -469 922 -5 -2 8 41454
-265 -468 932 -3 -1 10 41484
-273 -472 950 -3 -1 11 41516
-289 -474 966 -3 -2 10 41552
-296 -470 962 -4 -2 9 41577
-295 -468 948 -4 -3 7 41610
-290 -466 943 -4 -1 7 41637
-280 -464 958 -4 -1 7 41671
-262 -461 949 -6 -1 7 41697
-259 -471 948 -6 0 8 41734
-258 -477 950 -4 1 9 41761
-263 -485 952 -4 -1 9 41785
-265 -489 948 -5 -4 8 41819
-269 -485 941 -5 -4 9 41846
-265 -484 935 -3 -3 10 41880
-265 -487 942 -3 -3 9 41909
-255 -495 950 -5 -2 9 41939
-241 -502 952 -7 2 8 41970
-238 -506 949 -6 0 7 41998
-241 -500 965 -3 -1 7 42027
-238 -493 967 -2 -3 8 42061
-229 -482 954 -6 -4 9 42089
-228 -485 951 -6 -1 11 42118
-228 -496 963 -3 1 12 42149
-234 -521 982 -7 2 11 42179
-233 -536 976 -8 -1 8 42210
-227 -537 956 -4 -4 8 42239
-236 -523 963 -1 0 9 42270
-236 -514 963 -3 0 10 42298
-238 -509 960 -7 -1 10 42329
-244 -497 938 -5 -1 10 42360
-250 -487 938 -3 -2 11 42392
-263 -487 953 -2 -2 10 42422
-273 -482 965 -1 -3 9 42456
-274 -480 961 -3 -2 9 42482
-276 -475 943 -6 -1 8 42516
-277 -475 938 -4 -1 8 42542
-280 -473 924 -3 -2 8 42577
-279 -475 943 -3 -2 7 42608
-294 -465 957 2 0 9 42635
-301 -454 966 3 -1 9 42662
-307 -451 969 -4 -2 6 42692
-298 -431 929 -4 -4 3 42723
-295 -425 916 -1 0 5 42757
-294 -435 937 1 1 6 42784
-301 -435 947 1 0 6 42807
-303 -440 945 -4 1 5 42837
-306 -441 933 -3 3 5 42870
-329 -431 929 2 -1 6 42896
-342 -413 918 0 -2 3 42925
-353 -395 918 0 -5 3 42954
-360 -371 926 5 -5 3 42984
-364 -347 937 4 -5 2 43013
-363 -322 937 0 -4 1 43040
-349 -302 950 0 -5 -1 43073
-334 -309 945 3 -5 -2 43099
-322 -303 939 -2 2 0 43137
-305 -313 971 -3 1 -2 43163
-304 -312 957 -2 -2 0 43188
-279 -337 943 -5 0 -1 43222
-284 -354 928 2 -3 2 43252
-276 -362 927 0 -2 1 43277
-297 -379 996 4 -2 2 43311
-299 -366 977 0 -2 3 43336
-294 -353 961 -10 1 1 43368
-303 -373 969 -2 -2 1 43397
-310 -364 954 3 -1 2 43427
-304 -375 982 0 0 1 43457
-300 -387 982 -2 -2 0 43485
-286 -367 896 -10 -5 0 43514
-296 -363 874 -9 -5 1 43546
-291 -370 887 11 -6 6 43581
-303 -372 946 12 0 6 43606
-315 -383 1020 0 4 3 43635
-292 -370 1010 -13 3 -4 43670
-308 -364 991 -7 -2 -6 43695
-278 -363 938 4 -4 -5 43730
-241 -376 972 6 2 -2 43758
-232 -355 978 2 1 0 43785
-215 -340 934 -11 0 3 43816
-238 -338 904 -15 4 4 43845
-284 -338 916 1 3 10 43875
-321 -352 958 9 -2 6 43904
-354 -349 1018 3 -4 -2 43934
-313 -323 1018 4 -16 -10 43965
-272 -270 942 -1 -2 -6 44000
-225 -256 950 1 3 -3 44029
-212 -263 980 2 4 0 44059
-222 -276 997 -3 0 4 44086
-225 -285 993 -3 -1 6 44114
-235 -296 960 1 -3 5 44148
-234 -303 942 -1 -2 2 44175
-226 -305 952 1 -1 -1 44209
-223 -283 962 4 0 1 44236
-220 -270 966 1 2 1 44261
-230 -268 969 -4 1 1 44292
-237 -259 933 -6 -1 0 44321
-249 -259 959 3 -2 1 44351
-254 -257 998 9 -3 1 44379
-237 -238 1020 2 -3 0 44410
-224 -230 1006 -7 -2 -2 44439
-212 -235 976 -5 0 -1 44471
-213 -227 952 0 2 1 44501
-209 -253 977 0 0 0 44535
-213 -261 987 1 1 2 44566
-216 -248 978 -1 0 3 44590
-221 -248 963 -4 -1 2 44616
-235 -245 951 0 -3 2 44645
-239 -236 963 4 -1 2 44674
-233 -234 987 2 -1 0 44704
-222 -232 985 -2 -4 -2 44737
-211 -220 956 -3 -1 -1 44764
-210 -224 958 4 0 0 44795
-202 -216 978 4 -1 0 44823
-214 -213 987 2 -3 -2 44852
-195 -205 970 -2 0 2 44882
-198 -201 980 1 1 3 44910
-209 -198 976 3 -1 3 44939
-211 -191 970 -5 0 0 44969
-222 -214 995 1 1 1 44998
-220 -198 1003 7 0 2 45025
-234 -188 1028 -4 3 0 45055
-247 -183 1041 -3 0 -2 45086
-232 -155 1009 0 0 -2 45117
-236 -153 1025 -2 2 -1 45146
-232 -163 1019 -5 0 -1 45177
-233 -171 1030 -2 4 1 45211
-235 -172 1023 -2 3 2 45237
-251 -183 1019 -7 1 0 45274
-248 -188 996 -3 -1 0 45301
-245 -184 989 0 1 0 45331
-246 -192 1001 0 0 0 45356
-235 -196 998 -2 -2 -2 45387
-233 -190 981 -1 0 0 45423
-227 -199 971 2 -2 0 45449
-226 -193 975 1 -3 0 45474
-226 -189 981 2 -2 0 45505
-213 -182 975 4 -4 0 45534
-206 -165 961 0 -3 0 45564
-199 -167 959 -1 -3 -1 45593
-200 -167 949 3 -2 0 45623
-192 -160 958 1 1 1 45653
-196 -155 981 -1 -1 1 45682
-194 -138 972 -1 -1 0 45710
-200 -138 970 -2 -1 0 45741
-202 -155 975 -1 0 1 45771
-197 -158 997 -1 3 -1 45807
-221 -155 1012 5 -2 -2 45831
-195 -146 968 -3 -2 1 45862
-199 -169 1012 -1 1 -2 45893
-201 -141 1002 7 -5 2 45923
-195 -118 1005 -2 0 1 45953
-209 -135 1026 -2 0 0 45984
-190 -124 999 0 -2 0 46016
-191 -127 1000 -7 3 0 46041
-208 -133 1016 1 -2 0 46073
-168 -140 986 0 -3 -1 46103
-188 -144 987 -4 2 1 46135
-193 -140 961 2 1 1 46166
-193 -140 989 1 3 2 46191
-209 -138 1012 -2 1 1 46218
-223 -141 1008 -2 -4 1 46249
-208 -141 973 -3 -2 -1 46280
-210 -139 997 2 -3 -1 46310
-203 -142 1009 4 -2 0 46339
-194 -129 1002 -5 1 0 46378
-195 -137 981 -4 -2 -1 46405
-194 -135 967 0 -1 -1 46431
-200 -132 983 2 0 1 46465
-196 -135 1007 2 0 0 46490
-200 -133 1032 2 -1 0 46520
-199 -132 1029 -5 3 1 46550
-207 -139 1037 -2 1 -1 46580
-197 -130 993 -3 -2 -1 46614
-197 -141 992 -1 0 -1 46643
-185 -137 994 4 0 1 46673
-190 -123 1007 1 3 1 46700
-193 -135 971 -11 2 -1 46732
-219 -137 940 -5 4 0 46762
-218 -147 945 1 3 1 46789
-227 -151 998 4 4 0 46818
-219 -142 1042 -3 2 -2 46853
-215 -137 1020 -6 2 -2 46877
-215 -145 1006 -4 6 -2 46911
-219 -144 988 -3 5 0 46938
-215 -157 988 -8 12 0 46972
