-360 -449 922 -4 -3 3 11
-387 -452 909 -5 4 4 53
-401 -455 906 -4 0 3 76
-410 -450 907 -3 -7 2 98
-433 -443 920 -1 -8 2 120
-439 -417 900 0 -10 0 144
-430 -415 920 2 -9 -1 167
-425 -412 941 2 -12 -3 189
-396 -413 936 5 -10 -5 213
-378 -416 948 4 -3 -6 236
-349 -421 943 -1 -2 -5 263
-303 -444 912 -9 8 -7 290
-269 -471 897 -10 13 -7 320
-258 -522 865 -3 0 -4 349
-282 -557 837 -1 -4 4 378
-311 -596 877 2 1 11 406
-320 -618 905 5 -3 8 433
-388 -580 928 1 -4 5 463
-434 -545 943 1 -6 5 485
-483 -475 954 5 -15 5 518
-468 -406 933 3 -11 -3 546
-445 -368 933 5 -12 -8 571
-401 -326 918 4 -3 -3 601
-358 -350 935 -1 5 -3 627
-325 -393 969 -3 5 -3 656
-288 -466 926 -12 2 -7 684
-257 -524 886 -9 7 -9 714
-252 -549 865 4 4 -5 741
-267 -571 884 6 2 -2 767
-315 -567 930 3 -4 0 796
-360 -528 944 0 -10 5 823
-396 -477 931 -1 -12 6 851
-429 -419 902 -1 -6 6 880
-444 -399 912 0 -2 4 906
-432 -391 915 1 -4 -1 936
-389 -393 909 0 0 -2 963
-357 -416 936 0 6 -1 990
-343 -432 937 0 5 1 1015
-302 -467 937 -4 5 -3 1045
-287 -498 946 -5 10 -7 1078
-322 -486 946 0 0 -6 1102
-370 -475 943 1 -7 -3 1132
-392 -453 920 1 -13 -1 1160
-387 -417 893 4 -16 2 1191
-375 -393 895 3 -1 3 1220
-365 -386 913 -2 5 0 1248
-349 -388 961 -2 2 -4 1274
-326 -384 942 -5 6 -10 1307
-317 -393 938 0 6 -9 1333
-300 -398 956 5 2 -7 1364
-270 -389 949 2 -3 -5 1392
-284 -368 950 -3 3 -2 1420
-298 -373 968 -3 4 5 1450
-316 -390 968 3 -11 9 1482
-314 -403 943 1 -9 4 1507
-322 -395 944 0 1 2 1536
-341 -385 930 0 -3 0 1561
-337 -365 904 0 -7 -5 1596
-321 -371 916 2 1 -6 1619
-321 -361 958 1 10 -1 1648
-301 -379 1009 -3 7 -4 1676
-287 -392 995 -7 2 -7 1707
-292 -373 948 -3 0 -6 1736
-287 -367 941 6 1 -1 1765
-290 -362 946 9 -3 2 1791
-293 -342 969 3 -5 3 1822
-299 -333 947 -6 -5 5 1849
-295 -344 899 -4 -11 5 1878
-317 -363 890 4 -7 3 1908
-376 -373 927 5 5 1 1937
-384 -368 995 -3 6 -7 1964
-408 -353 980 -13 2 -2 1993
-313 -320 918 -12 2 -8 2027
-290 -325 910 2 11 -7 2054
-301 -357 952 7 10 -2 2083
-301 -394 996 4 -2 3 2109
-302 -437 920 -6 -7 4 2145
-270 -428 866 -6 -8 2 2168
-341 -419 874 7 -9 9 2198
-381 -391 900 16 -4 8 2225
-385 -332 946 -1 -1 -2 2262
-367 -309 924 -11 -3 -8 2284
-337 -301 888 -7 -1 -8 2316
-364 -295 853 1 3 -5 2346
-337 -320 901 6 4 -4 2375
-315 -342 942 2 -3 -3 2402
-316 -350 957 -4 0 -1 2432
-324 -364 956 -6 4 2 2461
-322 -381 953 -4 2 0 2487
-340 -384 946 -4 0 -5 2517
-345 -375 943 -2 2 -6 2546
-356 -359 959 2 1 -2 2574
-365 -360 985 0 -2 -1 2603
-371 -357 996 -8 4 -2 2632
-384 -364 981 -5 2 -2 2664
-370 -382 969 0 -2 -4 2691
-371 -367 940 2 -7 -5 2721
-330 -359 925 -3 -2 -5 2748
-326 -359 949 3 2 -2 2779
-324 -364 962 3 2 0 2805
-336 -381 987 -2 2 -1 2834
-344 -386 989 -2 1 -3 2863
-345 -391 963 -1 0 -4 2892
-343 -378 929 -2 -4 -4 2922
-334 -364 891 -1 -7 -4 2952
-341 -357 917 2 0 -1 2982
-353 -348 938 4 1 2 3010
-365 -351 964 1 -1 1 3035
-346 -369 946 -5 0 -4 3067
-362 -356 928 -5 2 -5 3093
-351 -368 911 0 1 -7 3123
-344 -376 905 5 -3 -5 3151
-316 -363 903 1 -3 -3 3181
-326 -377 928 1 1 2 3207
-332 -373 921 1 -1 2 3237
-342 -380 930 0 -1 0 3268
-344 -380 920 -1 -1 -3 3291
-325 -371 889 1 -1 -5 3323
-327 -352 858 1 -2 -4 3352
-313 -356 859 3 -1 -2 3381
-316 -351 870 5 -1 1 3411
-323 -352 875 1 -3 0 3438
-322 -367 878 0 -2 -2 3466
-333 -364 889 1 1 -2 3496
-338 -363 922 4 2 -2 3525
-332 -363 940 4 1 -4 3550
-325 -347 925 -1 -5 -5 3580
-321 -348 925 -3 1 -4 3610
-327 -354 944 3 2 0 3644
-329 -353 955 1 -2 0 3667
-342 -372 976 -6 -1 -2 3695
-337 -368 958 -4 -1 -1 3728
-345 -379 974 -1 0 -2 3754
-349 -378 1012 0 0 -3 3784
-348 -371 1004 -2 -3 -3 3813
-325 -380 1010 -4 0 -3 3844
-318 -391 1015 1 2 -1 3874
-311 -398 1018 0 -1 -1 3904
-301 -401 998 -4 -3 -1 3933
-286 -397 963 -2 0 -1 3964
-287 -390 961 1 2 0 3993
-295 -386 937 -1 -2 1 4024
-282 -389 907 -4 -5 0 4047
-289 -385 895 -2 2 0 4079
-278 -396 901 4 1 1 4105
-293 -398 926 5 -2 -2 4133
-298 -395 962 4 0 -3 4163
-275 -372 938 1 -2 -2 4191
-277 -356 902 -1 -3 -3 4218
-258 -353 857 -1 -3 -5 4255
-268 -358 891 3 1 -5 4278
-327 -362 929 6 -3 4 4310
-328 -350 943 3 -4 3 4334
-312 -371 940 -8 -1 0 4363
-308 -377 924 -3 4 -5 4393
-341 -351 925 4 -1 -5 4423
-323 -376 968 4 -5 -3 4451
-315 -363 986 0 1 -2 4480
-305 -359 963 -1 -1 -2 4507
-301 -379 956 -1 -3 -1 4541
-273 -368 911 -5 -1 -4 4569
-291 -392 952 0 5 0 4599
-286 -384 964 5 4 1 4624
-298 -376 982 5 -6 1 4653
-285 -381 959 -4 -5 -2 4681
-271 -376 934 -7 6 -3 4711
-290 -387 943 2 7 -1 4740
-299 -372 946 5 -10 -1 4770
-282 -372 957 -1 -3 -1 4803
-275 -373 943 -2 5 0 4829
-297 -377 962 3 0 1 4858
-299 -366 965 2 -5 -1 4882
-286 -373 970 -3 3 -2 4913
-290 -365 967 0 2 -2 4942
-295 -359 972 4 -4 -2 4971
-303 -341 976 -2 -1 -1 4999
-302 -347 976 -2 2 0 5029
-302 -349 968 -2 1 1 5058
-312 -356 983 -3 -2 -1 5089
-305 -349 974 -2 0 -2 5116
-258 -31804 9221 -258 -258 -258 5144
-304 -341 1005 2 -4 -3 5184
-289 -321 988 -2 -2 -3 5215
-271 -313 971 -5 1 -5 5248
-270 -312 947 -2 -1 -4 5272
-260 -330 920 2 -5 2 5305
-247 -335 908 1 -4 2 5336
-244 -355 897 0 -3 3 5359
-248 -367 908 0 0 2 5388
-250 -374 898 0 -1 0 5415
-247 -369 899 2 0 -3 5445
-257 -366 907 1 -1 -3 5469
-250 -351 907 2 0 -3 5500
-257 -336 919 2 -1 -1 5529
-259 -343 932 0 -1 1 5558
-272 -337 962 0 2 1 5586
-272 -335 980 1 0 -1 5614
-267 -338 996 2 0 -3 5639
-267 -325 1009 1 0 -4 5670
-267 -317 1023 0 0 -3 5698
-263 -312 1006 -1 -1 -1 5727
-261 -321 990 -2 -2 1 5758
-259 -324 988 -2 3 0 5795
-272 -328 993 0 2 1 5816
-273 -332 992 0 -3 0 5843
-269 -331 988 0 -3 -1 5867
-257 -326 953 0 -2 -2 5902
-259 -313 933 -1 -2 -2 5927
-254 -307 927 -1 -1 -1 5959
-245 -308 904 -1 -1 0 5991
-252 -302 907 -1 -1 1 6017
-258 -305 918 -1 0 0 6048
-264 -317 939 0 1 0 6075
-284 -322 982 2 1 0 6102
-280 -315 1005 0 -1 -3 6131
-276 -320 1007 -1 -3 -4 6160
-277 -302 1012 -1 2 -3 6191
-271 -305 1023 0 0 -1 6222
-257 -316 1019 -2 -2 0 6252
-259 -321 1008 -4 1 0 6280
-265 -328 999 -2 2 0 6310
-268 -332 1013 0 1 0 6336
-265 -335 1021 1 -2 -1 6366
-250 -325 984 1 -3 -2 6401
-242 -318 961 0 -2 -2 6424
-235 -313 930 -1 0 -1 6454
-233 -315 899 0 -2 1 6483
-223 -322 865 0 -3 2 6512
-219 -318 847 0 -2 1 6539
-216 -315 844 2 1 0 6568
-225 -316 867 3 2 0 6593
-244 -307 903 6 -2 -1 6621
-251 -291 915 0 -3 -2 6651
-243 -284 886 -3 -4 -4 6681
-232 -286 876 -3 1 -3 6710
-243 -282 918 0 3 0 6739
-250 -296 966 3 3 1 6765
-262 -308 1040 0 5 2 6793
-291 -318 1069 -6 0 -1 6821
-297 -326 1046 -4 -1 -4 6857
-283 -335 1034 -2 0 -4 6881
-273 -318 1071 3 -2 -2 6922
-271 -305 1085 -1 -1 0 6946
-272 -309 1081 -2 -1 1 6971
-266 -323 1036 -4 -2 0 7003
-247 -349 986 -1 -2 -2 7036
-243 -341 985 0 2 -2 7062
-247 -334 1002 2 3 0 7091
-238 -327 1009 3 -4 0 7120
-235 -320 970 -2 -3 -1 7150
-225 -317 943 -1 1 -2 7179
-233 -316 932 0 1 0 7208
-237 -315 954 1 3 0 7236
-236 -318 972 1 4 1 7261
-244 -315 990 0 2 0 7289
-258 -316 988 -2 -1 0 7317
-261 -313 984 -2 3 -1 7345
-261 -309 965 -1 -2 -1 7375
-259 -322 980 0 0 0 7405
-261 -317 978 -1 2 0 7430
-267 -325 987 2 -1 2 7466
-265 -326 976 0 -3 0 7489
-257 -324 947 -1 -2 -1 7516
-251 -310 928 1 0 -2 7553
-248 -311 928 2 0 0 7576
-237 -311 920 2 -1 0 7599
-238 -307 914 1 -2 1 7629
-232 -306 902 0 -2 0 7658
-239 -302 909 0 1 0 7686
-238 -306 930 1 2 -1 7713
-243 -304 945 1 0 -1 7738
-239 -307 963 0 0 -1 7768
-243 -306 973 -1 1 0 7797
-253 -302 980 0 0 0 7824
-252 -314 987 -1 0 1 7852
-252 -311 988 -1 0 0 7879
-259 -312 973 -2 -1 0 7908
-262 -314 973 -1 0 0 7937
-264 -315 970 0 -2 0 7965
-265 -315 984 0 -2 0 7997
-262 -315 987 0 -1 -1 8022
-257 -311 977 0 -2 -1 8051
-258 -307 952 -2 -3 -2 8079
-242 -308 934 -1 0 -1 8110
-247 -315 936 0 -1 1 8140
-245 -325 931 0 -4 2 8165
-245 -318 965 0 2 0 8195
-239 -333 958 0 -2 0 8222
-250 -320 973 0 -2 -2 8250
-239 -325 953 -2 1 -2 8279
-236 -307 935 1 -3 -1 8309
-234 -304 951 0 -4 -2 8335
-239 -300 992 -1 7 0 8369
-245 -314 1016 0 3 1 8393
-255 -319 1037 -1 -3 -1 8422
-256 -311 1020 -5 4 -2 8459
-261 -312 1030 -1 2 -2 8483
-264 -311 1041 1 -3 0 8520
-265 -309 1030 -3 -3 1 8542
-251 -313 999 -1 -2 0 8574
-243 -317 968 0 -2 1 8603
-254 -321 951 0 -2 1 8630
-241 -326 920 0 -4 0 8659
-236 -323 910 1 -2 -1 8691
-232 -324 904 1 0 0 8716
-236 -324 906 1 -2 0 8742
-226 -315 903 1 -1 -1 8772
-223 -310 894 0 -1 -1 8801
-229 -308 908 -1 1 0 8829
-235 -316 930 -1 3 1 8858
-242 -317 954 0 1 0 8886
-252 -322 976 -1 0 -1 8912
-255 -324 982 -2 1 -1 8942
-257 -328 981 -1 -1 -1 8971
-254 -330 986 0 -2 -1 9001
-255 -320 982 -1 -2 -1 9031
-264 -325 989 -1 -2 1 9067
-260 -331 977 -1 -2 1 9088
-259 -329 964 -1 -3 0 9119
-257 -327 961 -1 -2 -1 9148
-254 -327 972 0 1 -1 9178
-258 -323 979 1 -3 0 9206
-253 -321 981 -1 -2 -1 9234
-242 -318 947 -3 -3 -2 9265
-237 -332 959 -1 1 -1 9299
-240 -325 965 0 2 0 9324
-235 -338 989 2 0 1 9349
-241 -336 1001 0 -1 -1 9378
-236 -335 961 -2 -4 0 9408
-225 -337 870 -5 -10 -1 9437
-215 -338 826 -1 -5 -1 9468
-203 -328 895 6 10 1 9499
-240 -319 1004 14 11 4 9526
-264 -297 1084 -2 -5 1 9556
-242 -304 960 -15 -6 -9 9593
-231 -292 872 -13 1 -7 9616
-256 -301 961 4 15 -2 9648
-280 -320 1144 11 13 5 9677
-311 -294 1225 -6 -2 5 9708
-333 -360 1196 -19 2 -3 9737
-329 -373 1083 -7 6 -3 9771
-332 -378 1085 9 -2 -3 9797
-313 -340 1111 5 -11 0 9831
-286 -332 1066 -6 -5 1 9857
-273 -336 979 -1 -6 0 9891
-253 -347 938 2 -7 0 9916
-255 -325 899 1 -1 1 9947
-220 -337 862 1 -2 0 9975
-207 -335 840 2 -2 -1 10002
-195 -319 821 1 -3 -2 10032
-204 -306 825 0 -2 0 10067
-204 -302 843 1 -1 1 10092
-209 -296 877 1 1 0 10125
-222 -297 917 -2 4 0 10150
-236 -301 949 -2 5 -1 10180
-248 -309 993 -2 4 -2 10208
-266 -310 1036 -1 4 -2 10239
-276 -323 1075 -1 2 -1 10270
-282 -314 1091 -2 -1 -1 10301
-278 -323 1099 -3 0 -1 10333
-290 -322 1093 -3 0 1 10364
-287 -336 1075 -2 -2 0 10395
-282 -336 1042 -1 -1 0 10428
-276 -337 1008 0 -6 0 10457
-257 -340 968 1 -5 0 10488
-243 -335 927 3 -6 0 10520
-208 -329 864 1 -5 -1 10546
-199 -320 825 -1 -4 -1 10574
-183 -337 793 1 0 0 10609
-174 -327 794 3 2 0 10633
-167 -318 802 4 1 -1 10662
-174 -314 833 2 0 -1 10692
-170 -299 816 1 1 -2 10721
-186 -293 849 1 4 -1 10750
-212 -301 915 3 3 3 10780
-225 -299 950 1 3 3 10807
-239 -312 1006 -3 6 1 10836
-270 -311 1024 -4 2 0 10866
-285 -324 1063 0 3 -1 10896
-291 -310 1059 1 -2 -1 10926
-280 -316 1066 -1 -1 -1 10957
-287 -318 1076 0 3 1 10990
-273 -311 1055 1 -5 0 11019
-271 -307 1037 -1 -4 -1 11049
-251 -304 979 -4 1 -2 11081
-247 -308 972 1 1 0 11111
-244 -305 986 1 -1 1 11146
-243 -302 964 -2 -4 0 11174
-241 -307 960 -2 -2 0 11197
-236 -294 930 -2 0 -1 11229
-233 -297 938 0 1 -1 11259
-246 -289 948 -1 -1 0 11288
-247 -290 953 -1 1 0 11318
-251 -300 951 -2 -2 1 11348
-264 -297 943 -3 -3 0 11378
-262 -304 955 -1 0 -1 11407
-268 -296 956 1 -2 -1 11438
-261 -297 965 0 -4 -1 11469
-260 -287 948 -2 -4 -1 11498
-246 -282 918 -1 -4 -1 11531
-239 -281 922 -1 -2 -1 11561
-244 -282 933 0 0 -1 11592
-234 -287 951 1 -1 -1 11621
-231 -285 976 1 -1 -2 11651
-236 -276 985 1 -2 -2 11682
-226 -266 961 -2 -2 -2 11722
-212 -270 948 -1 -4 -2 11743
-217 -264 970 -1 1 -1 11774
-218 -269 1012 2 5 0 11804
-219 -261 1018 1 -1 0 11833
-228 -262 1004 -3 -2 -1 11863
-239 -261 995 -2 3 -1 11895
-240 -262 1018 5 2 0 11926
-230 -265 1035 1 -2 0 11955
-228 -262 1003 -5 0 -1 11985
-234 -274 983 -3 1 0 12016
-249 -268 1013 1 4 1 12045
-251 -280 1038 0 3 1 12075
-264 -281 1052 -1 1 0 12104
-264 -270 1030 -2 1 -2 12133
-261 -259 1015 0 1 -2 12165
-259 -257 1037 1 3 0 12198
-262 -253 1023 0 0 1 12223
-262 -254 1005 -2 -1 0 12258
-253 -262 977 -4 0 0 12283
-247 -272 968 1 2 -1 12314
-241 -260 963 2 -1 -1 12342
-225 -256 932 0 -4 -1 12373
-212 -257 902 0 -1 -1 12409
-202 -253 879 2 -2 0 12431
-198 -248 875 2 -1 1 12462
-186 -262 927 4 6 -1 12491
-204 -241 883 1 -1 1 12520
-192 -246 872 0 0 -1 12549
-182 -250 901 -1 0 -3 12579
-194 -231 874 0 0 1 12609
-214 -275 1013 5 3 2 12637
-244 -179 997 -8 0 1 12666
-241 -237 1006 -5 2 2 12696
-284 -245 1039 -1 1 1 12725
-285 -258 1053 0 3 -1 12756
-307 -261 1090 -2 -1 2 12790
-290 -259 1079 -1 -7 -3 12816
-264 -264 1005 -4 -4 -4 12849
-232 -247 964 1 -6 -3 12884
-215 -251 964 0 -3 -1 12910
-202 -244 967 2 0 0 12947
-202 -246 962 1 -1 0 12970
-210 -260 955 -3 -2 1 13000
-224 -233 947 -2 1 -1 13029
-196 -278 967 0 0 -1 13059
-204 -258 1015 2 2 -2 13088
-216 -230 995 -1 -2 -2 13120
-185 -261 962 -3 -2 -1 13149
-213 -256 976 0 6 2 13183
-173 -269 1002 7 6 -1 13208
-195 -254 1001 0 -5 0 13241
-197 -237 987 -2 3 -2 13268
-182 -248 993 4 11 1 13305
-197 -255 1027 8 6 3 13327
-193 -232 1007 3 -3 3 13357
-174 -222 796 -9 -6 -1 13393
-153 -248 728 -10 2 0 13418
-181 -271 849 17 1 5 13451
-172 -227 775 16 -8 5 13477
-143 -206 840 2 -5 -3 13511
-129 -192 757 -13 -6 -6 13537
-156 -155 776 2 13 -3 13573
-232 -109 784 8 -7 -1 13601
-241 -64 851 4 -7 -1 13632
-239 -77 883 -9 0 -1 13660
-232 -76 927 -1 5 0 13690
-234 -109 991 7 3 -1 13715
-314 -50 1055 4 -11 -1 13746
-211 -108 1041 -8 0 -2 13780
-193 -140 1064 1 4 -3 13810
-198 -152 1099 3 -2 0 13842
-219 -139 1150 -1 1 -1 13869
-205 -149 1125 -5 -3 0 13901
-199 -151 1116 1 0 -2 13933
-190 -137 1119 0 -1 -3 13962
-189 -101 1013 -3 -9 0 13993
-170 -123 1015 0 -3 -3 14024
-140 -98 1007 0 7 -2 14059
-133 -96 1052 6 9 0 14083
-198 -80 1178 0 11 -1 14113
-192 -78 1081 -15 -1 0 14143
-232 -106 1038 -4 4 -1 14176
-231 -98 1082 3 6 -1 14204
-252 -82 1138 1 7 6 14236
-270 -89 1224 -1 -1 3 14264
-288 -87 1126 -14 -12 -1 14293
-268 -118 1055 -2 5 -1 14328
-305 -120 1130 4 6 1 14358
-248 -112 1099 2 -2 2 14390
-291 -113 1079 -5 -17 0 14417
-264 -99 929 -11 -6 -6 14449
-216 -125 949 2 2 -5 14479
-202 -66 971 8 -11 -7 14509
-174 -66 908 -10 -12 0 14539
-184 -120 984 -6 8 -1 14571
-187 -158 1025 13 7 1 14600
-227 -79 1078 8 2 6 14631
-247 -134 1139 -13 7 -4 14659
-221 -117 1029 -13 5 -5 14691
-158 -188 965 7 -9 -6 14725
-158 -139 952 8 -8 -4 14754
-140 -134 945 0 10 3 14789
-170 -151 1032 5 18 6 14811
-253 -119 1110 1 0 8 14845
-238 -171 1007 -9 -12 2 14873
-206 -181 890 -13 -10 -3 14907
-208 -136 813 -8 3 -5 14937
-285 -128 948 10 4 -2 14968
-336 -50 1005 11 -8 6 14999
-319 -99 1059 -1 -6 5 15028
-308 -105 985 -13 5 -7 15063
-328 -92 976 -6 6 -11 15088
-261 -141 991 4 -2 -9 15122
-212 -138 1013 2 -3 -6 15148
-194 -104 998 -3 -8 -1 15183
-196 -176 1117 -1 10 4 15213
-250 -128 1188 10 9 6 15244
-277 -145 1175 -5 1 6 15273
-239 -208 1115 -12 -3 -4 15304
-252 -139 964 -11 -1 -1 15336
-180 -190 936 9 -2 -5 15371
-210 -164 1011 15 -7 -4 15398
-212 -101 1100 2 11 2 15437
-230 -109 1107 -4 0 -1 15462
-235 -150 992 -8 -3 -2 15492
-221 -130 906 -7 9 -2 15524
-227 -164 983 7 10 3 15554
-229 -151 949 8 -4 7 15583
-236 -169 1089 3 2 1 15612
-277 -112 999 -11 -2 -1 15642
-223 -137 855 -7 -3 -4 15673
-266 -157 910 -3 -3 -4 15705
-221 -162 814 -4 -2 1 15736
-244 -193 949 13 2 3 15769
-271 -176 956 14 -11 4 15794
-235 -166 863 -10 -4 0 15829
-221 -183 859 -5 2 -8 15858
-205 -138 742 2 -4 -7 15888
-197 -187 907 16 4 -5 15918
-190 -145 940 10 -2 3 15949
-211 -98 928 -2 0 4 15983
-222 -175 975 -9 0 -3 16007
-223 -163 921 -8 7 -2 16037
-263 -156 1047 9 16 2 16068
-275 -181 1110 2 -6 1 16097
-290 -164 1060 -9 -15 1 16127
-292 -199 1081 -9 6 -1 16163
-300 -214 1073 5 13 4 16192
-320 -199 1157 8 0 0 16220
-314 -193 1150 -5 -6 -5 16250
-285 -175 1024 -12 3 -5 16282
-275 -212 993 6 -5 -3 16317
-220 -175 933 -1 -7 -1 16345
-231 -176 963 -3 2 0 16376
-235 -162 944 1 -1 2 16406
-234 -200 954 0 -1 3 16435
-249 -199 986 -1 -1 0 16462
-271 -144 993 -2 2 -2 16499
-272 -164 930 -7 -7 1 16524
-287 -149 949 -6 -5 -3 16554
-280 -174 942 -4 6 1 16585
-266 -167 953 4 0 2 16614
-300 -182 1063 -2 -4 -2 16647
-280 -178 1031 -11 1 -4 16675
-308 -182 1007 -3 -6 -4 16707
-266 -220 1044 2 -2 -7 16738
-272 -164 1044 -1 3 0 16775
-257 -187 1034 0 -9 4 16799
-247 -205 972 -6 -12 0 16833
-223 -211 868 -11 -10 0 16860
-232 -224 962 8 4 -2 16896
-229 -194 993 12 1 1 16923
-213 -176 965 0 -8 2 16952
-241 -193 977 -3 -12 -6 16981
-199 -184 860 -7 -3 -6 17014
-177 -182 862 3 7 -2 17049
-200 -186 1017 11 1 -1 17073
-215 -135 1053 -1 7 5 17105
-208 -202 1047 -5 2 3 17136
-219 -214 1026 -2 0 -4 17165
-204 -218 1031 -1 11 -1 17196
-226 -198 1048 3 -7 1 17230
-226 -205 1002 -4 -9 2 17261
-200 -214 966 -3 6 0 17290
-233 -211 981 3 6 4 17317
-261 -199 975 4 -5 6 17347
-251 -197 936 -4 -11 0 17377
-228 -191 823 -6 -4 -3 17409
-227 -171 806 2 -2 -4 17439
-267 -162 861 5 -4 0 17469
-228 -143 857 3 -3 0 17499
-245 -145 855 0 -6 2 17526
-223 -170 839 -1 -7 -3 17555
-211 -166 885 3 4 -6 17593
-219 -155 901 3 4 -4 17615
-224 -167 965 0 -2 -2 17646
-217 -166 1015 -2 -1 -4 17677
-208 -157 959 -7 -4 1 17709
-212 -188 1058 -2 5 -3 17739
-232 -187 1132 -4 16 -1 17770
-281 -175 1149 -3 -6 3 17801
-280 -242 1209 -7 -4 -3 17833
-277 -191 1074 -7 -2 -2 17867
-274 -239 1106 3 -3 -2 17898
-237 -238 1154 1 12 -1 17928
-288 -202 1159 5 -4 2 17960
-275 -233 1133 -2 -16 -2 17990
-219 -193 963 -11 -7 -7 18023
-199 -211 962 4 9 -2 18057
-187 -183 981 9 2 3 18088
-199 -175 1017 -1 0 1 18117
-221 -181 1008 -7 -2 1 18141
-215 -191 964 -5 2 0 18176
-224 -194 908 -5 -7 1 18202
-223 -203 993 0 2 -4 18235
-218 -174 1010 1 7 -3 18261
-251 -168 1036 3 -3 3 18294
-262 -188 1064 1 -8 -1 18321
-256 -179 962 -10 5 -2 18355
-220 -243 908 -2 -1 -2 18385
-226 -234 979 9 1 -4 18416
-179 -241 1025 4 10 2 18449
-233 -168 992 6 -11 2 18475
-206 -188 953 -1 -13 -6 18510
-165 -180 882 -7 5 -1 18538
-188 -173 894 7 6 0 18569
-219 -180 1023 4 3 3 18596
-200 -151 972 -9 -3 3 18629
-231 -188 908 -6 -8 0 18656
-240 -190 944 -2 2 -2 18686
-276 -166 965 1 5 1 18716
-301 -167 1064 3 -7 0 18743
-272 -155 1068 -6 -8 -5 18774
-261 -186 1053 -6 3 -5 18806
-283 -175 1102 2 0 -5 18838
-261 -160 1037 -6 -9 -2 18867
-208 -229 1041 -6 3 -3 18902
-223 -208 1065 1 7 1 18932
-250 -210 1141 3 5 1 18958
-256 -213 1235 -4 1 -3 18991
-251 -184 1162 -5 -4 -5 19021
-197 -201 1082 -5 -10 -6 19053
-194 -199 1049 -6 3 -4 19085
-203 -190 1084 -1 12 3 19117
-251 -226 1156 -2 -4 7 19151
-243 -240 1090 -9 -2 -1 19184
-246 -252 1040 -8 5 -3 19211
-241 -247 1012 3 -1 -2 19243
-226 -222 977 6 -14 -2 19275
-197 -207 956 0 -2 -1 19306
-179 -212 931 1 1 1 19335
-181 -201 906 4 -3 1 19364
-172 -213 895 -1 -3 -1 19394
-164 -213 875 0 4 0 19424
-166 -208 879 3 0 0 19452
-177 -201 908 2 0 -1 19480
-168 -198 908 0 0 1 19510
-178 -196 915 2 0 1 19538
-178 -197 930 2 0 0 19564
-178 -198 938 0 1 0 19593
-193 -201 956 0 2 0 19622
-202 -196 974 0 3 0 19650
-207 -202 990 0 1 0 19678
-209 -199 991 0 -2 -1 19710
-213 -201 1002 -1 1 -1 19737
-217 -200 996 0 -1 1 19767
-216 -197 997 -1 -4 0 19797
-209 -197 992 -2 1 -1 19828
-217 -200 996 0 1 1 19856
-258 8568 1 -258 -258 -258 19883
-208 -207 993 -1 0 -1 19923
-208 -202 974 -1 -2 -1 19953
-193 -204 961 0 -3 -2 19981
-201 -196 960 -1 0 0 20011
-200 -198 971 0 1 1 20041
-197 -207 986 0 -2 1 20069
-200 -200 987 -1 0 -1 20101
-195 -203 988 0 2 -1 20128
-193 -195 985 1 -2 -1 20157
-189 -194 975 -1 0 -1 20188
-191 -194 979 -1 1 1 20218
-198 -185 980 1 -1 1 20251
-191 -190 966 -1 -2 1 20275
-211 -203 1008 0 6 2 20313
-210 -206 1003 1 0 2 20336
-218 -204 1009 0 -3 0 20364
-205 -210 991 -3 1 -2 20395
-209 -205 968 0 0 0 20425
-213 -216 966 0 -3 1 20452
-216 -206 966 -1 -1 0 20480
-215 -227 980 0 3 3 20514
-227 -218 989 2 -1 2 20539
-227 -225 987 -2 -1 0 20569
-216 -235 959 -3 -1 -1 20599
-238 -235 948 0 -2 1 20633
-223 -244 964 1 1 0 20658
-229 -232 961 2 -1 2 20688
-230 -258 956 -1 -4 2 20717
-232 -261 934 -3 -2 0 20746
-232 -267 926 0 1 0 20783
-244 -260 945 1 -3 -1 20806
-234 -267 956 -1 -1 -1 20835
-232 -262 949 -1 -1 0 20867
-238 -254 934 0 -5 0 20897
-222 -261 934 -1 -1 -1 20925
-232 -252 943 1 1 0 20957
-238 -256 965 2 -2 0 20986
-229 -260 975 -2 -1 0 21014
-226 -259 961 0 -2 -1 21044
-226 -251 966 -1 -3 -2 21074
-230 -251 972 -2 0 -1 21106
-233 -260 997 -1 1 1 21135
-236 -259 1013 -1 -1 0 21165
-235 -269 1010 -3 -1 -1 21196
-231 -271 1009 -1 2 -2 21231
-234 -272 1021 0 0 -1 21260
-234 -267 1021 -1 -2 0 21293
-224 -268 1005 -2 -2 0 21321
-215 -264 987 0 -1 -1 21352
-228 -251 979 0 -2 0 21382
-216 -259 977 -1 0 0 21411
-225 -254 979 0 0 1 21441
-226 -253 971 0 -4 0 21469
-226 -249 967 -1 -2 -1 21498
-222 -248 958 0 0 -1 21529
-229 -242 951 1 -2 1 21558
-224 -244 950 -1 -4 0 21588
-218 -253 945 -1 -1 0 21618
-224 -244 965 1 1 -1 21647
-220 -246 993 1 2 -1 21677
-217 -240 998 -1 -2 -1 21707
-213 -235 971 -1 -5 -2 21738
-204 -231 966 1 1 -2 21771
-207 -233 965 0 1 1 21800
-214 -238 993 0 -1 1 21830
-208 -245 989 -3 0 0 21855
-212 -246 996 -1 2 -1 21882
-217 -242 1011 0 -1 -2 21916
-210 -246 1003 -1 -2 -1 21945
-210 -239 992 -1 0 0 21977
-212 -239 994 0 1 1 22006
-213 -251 999 -1 0 1 22035
-210 -252 985 -1 0 -1 22064
-216 -261 982 -1 2 1 22094
-221 -255 983 1 0 1 22128
-227 -251 981 1 -3 1 22150
-223 -251 973 0 -2 0 22180
-218 -247 955 0 0 -1 22209
-219 -248 973 1 3 0 22238
-218 -247 976 0 0 0 22267
-218 -243 950 -1 -3 -1 22295
-218 -253 958 0 2 0 22325
-214 -256 960 1 2 1 22357
-225 -254 970 1 -3 0 22383
-221 -259 967 -3 -1 0 22409
-228 -256 942 0 0 0 22443
-229 -259 948 2 -1 0 22468
-231 -250 951 0 -1 -1 22499
-232 -254 948 0 0 0 22528
-228 -258 937 0 -2 0 22557
-229 -253 948 1 1 -1 22585
-228 -254 951 0 -2 -1 22615
-234 -246 945 0 -3 -1 22645
-228 -250 961 0 1 -1 22674
-225 -252 952 0 0 0 22704
-236 -248 967 0 -3 -1 22733
-227 -250 968 -2 1 -2 22763
-233 -253 976 0 1 0 22792
-236 -250 989 0 -4 0 22821
-231 -254 973 -3 -2 -1 22851
-235 -247 971 -1 0 -1 22881
-231 -255 994 1 0 -1 22915
-234 -255 999 -1 -1 0 22941
-239 -250 979 -2 -1 0 22970
-224 -261 969 0 -1 -1 23000
-226 -255 976 0 0 -1 23031
-234 -244 985 0 -3 0 23061
-232 -246 992 -1 -2 0 23089
-234 -241 985 -1 -1 0 23119
-232 -245 988 -1 -2 -1 23150
-223 -240 974 -3 -3 -3 23181
-229 -241 984 -1 1 -1 23211
-231 -241 1006 2 -3 0 23242
-232 -246 998 -1 -5 0 23271
-217 -254 974 -3 -3 -1 23302
-219 -254 974 -2 2 -1 23333
-225 -253 996 0 -1 -1 23364
-225 -247 1001 -2 -2 -1 23398
-216 -256 972 -1 -2 -1 23430
-212 -248 960 0 -3 -1 23458
-205 -244 952 0 -1 -1 23488
-208 -253 967 1 1 0 23517
-212 -248 963 1 -2 1 23547
-214 -249 965 0 -3 0 23573
-202 -250 948 0 -1 -1 23605
-215 -248 950 0 -2 -1 23637
-212 -251 951 1 -1 0 23665
-213 -241 945 2 -2 1 23691
-213 -240 956 1 -2 1 23722
-212 -236 959 -1 -1 -1 23752
-224 -240 973 0 2 0 23786
-224 -241 985 0 1 -1 23809
-215 -247 978 0 -2 -1 23840
-219 -239 973 -1 -2 -2 23869
-213 -242 969 0 0 -1 23904
-228 -246 997 1 1 1 23935
-225 -248 1009 0 1 1 23962
-224 -251 1009 -1 0 -1 23988
-222 -253 992 -1 -1 -2 24019
-220 -244 970 -1 2 -2 24050
-223 -238 979 2 0 -1 24080
-228 -245 972 -1 -2 2 24110
-229 -252 979 -1 1 1 24139
-237 -265 997 0 2 1 24168
-238 -262 1001 0 0 -1 24196
-239 -267 1008 -1 0 -3 24227
-230 -246 962 -3 0 -3 24258
-235 -254 955 0 -2 -1 24288
-227 -249 960 0 0 1 24318
-234 -263 967 1 0 3 24347
-242 -264 988 0 -1 2 24374
-236 -269 977 -1 1 0 24403
-232 -262 966 1 -1 -4 24433
-231 -252 966 1 -1 -3 24463
-226 -245 950 1 -1 -1 24496
-222 -250 970 1 2 1 24523
-219 -251 961 0 -1 1 24551
-226 -254 958 -1 -2 0 24581
-217 -263 951 -1 1 -1 24611
-235 -249 961 1 2 0 24641
-233 -252 967 1 -3 0 24667
-224 -255 959 -1 -1 -1 24700
-232 -246 981 1 4 -1 24730
-238 -244 995 1 2 0 24756
-239 -248 1005 -1 -3 -1 24786
-228 -245 962 -4 0 -2 24821
-234 -242 967 0 2 0 24848
-238 -240 991 2 -1 0 24875
-238 -239 1006 -2 0 0 24906
-253 -249 1018 -2 0 0 24939
-251 -250 1008 -2 -1 -1 24964
-244 -257 995 -2 -4 -2 25000
-245 -249 987 0 1 -1 25040
-242 -256 1000 0 2 0 25061
-232 -257 1009 1 -1 1 25088
-235 -255 994 -1 -3 -2 25118
-223 -258 956 -2 -2 -3 25149
-215 -256 947 1 0 -1 25180
-209 -252 970 3 -1 0 25209
-206 -246 979 1 0 1 25239
-203 -249 970 -1 -1 0 25267
-197 -253 954 -1 1 -1 25297
-202 -252 951 0 0 -1 25328
-212 -250 968 -1 2 0 25356
-211 -255 967 0 1 1 25386
-216 -252 988 1 0 1 25412
-219 -253 995 -1 0 0 25441
-226 -248 989 -1 -1 0 25470
-231 -245 987 -1 -1 -1 25506
-222 -249 974 -1 -1 0 25530
-221 -249 977 0 -2 0 25567
-213 -250 962 0 -3 0 25590
-223 -244 962 0 -1 0 25621
-224 -252 984 0 3 1 25649
-226 -244 989 1 -3 0 25678
-226 -245 1001 -1 -1 -2 25707
-211 -239 974 0 -1 -2 25746
-213 -242 979 1 -2 -1 25768
-211 -228 968 -1 -2 0 25799
-204 -236 960 -2 1 0 25829
-209 -237 977 -1 1 1 25859
-221 -240 1013 -1 3 0 25888
-223 -243 1006 -1 -1 0 25917
-227 -241 1000 -2 -2 -2 25949
-215 -236 979 0 -2 -2 25984
-216 -232 991 0 0 -1 26010
-219 -233 990 -2 -2 1 26042
-220 -240 1005 -2 2 1 26069
-218 -237 990 0 -2 -1 26107
-219 -243 992 -1 -3 -2 26129
-214 -242 997 -1 3 -1 26164
-213 -243 1006 2 -1 1 26193
-212 -233 997 -1 -5 0 26223
-201 -245 963 -4 0 -1 26252
-203 -231 946 1 0 -1 26283
-211 -237 978 2 2 0 26313
-209 -235 989 0 2 1 26338
-205 -245 995 0 0 1 26368
-208 -237 972 0 -4 -1 26396
-197 -240 967 0 1 -2 26426
-202 -234 979 2 2 -1 26455
-217 -224 987 1 -1 1 26485
-203 -238 970 -2 -1 1 26513
-202 -235 957 -1 1 0 26544
-205 -234 955 1 -1 0 26573
-216 -231 985 0 1 -1 26602
-217 -228 982 -1 2 0 26635
-216 -238 982 0 -3 0 26664
-223 -227 961 -1 -3 -1 26690
-211 -234 957 -1 1 -1 26720
-220 -235 987 1 1 1 26751
-225 -222 1011 0 1 0 26780
-218 -234 992 -2 -2 -1 26808
-216 -227 985 -1 -1 -2 26839
-220 -222 984 -1 2 -1 26870
-226 -221 989 -1 -2 1 26902
-225 -223 985 -2 -1 1 26930
-222 -235 982 -2 1 0 26961
-232 -233 993 -1 -1 0 26990
-240 -228 1005 -1 0 -1 27020
-230 -237 1014 0 1 -1 27051
-232 -232 1003 0 -3 -1 27082
-225 -225 994 -1 -4 -3 27112
-213 -228 977 -1 0 -1 27150
-222 -226 989 0 1 1 27172
-225 -228 1014 -1 2 1 27202
-224 -238 1007 -2 -1 0 27232
-223 -239 994 -1 -2 -2 27265
-216 -237 978 -1 -1 -2 27293
-221 -233 993 1 -1 0 27328
-221 -225 983 -1 -3 0 27358
-212 -242 983 -2 -2 0 27386
-224 -228 997 -1 2 0 27416
-222 -240 1021 1 1 0 27444
-224 -234 1021 -1 -2 -1 27474
-215 -232 992 -1 -1 -2 27506
-202 -233 973 0 -2 -1 27536
-211 -231 972 -1 -1 0 27574
-214 -234 977 -1 0 1 27597
-218 -250 1009 -1 2 2 27627
-224 -238 1003 0 -2 1 27656
-226 -233 1003 0 -2 -3 27691
-211 -229 973 -1 -1 -3 27719
-217 -225 969 1 0 -1 27749
-208 -222 959 0 -3 0 27778
-208 -236 956 -1 -1 1 27808
-209 -230 979 1 2 0 27839
-220 -234 1008 1 2 -1 27865
-230 -231 1038 0 -2 -1 27896
-210 -226 983 -2 -8 -1 27927
-199 -227 932 1 -6 -1 27959
-201 -218 939 5 -5 1 27988
-210 -225 963 11 -6 3 28018
-210 -229 1001 4 1 1 28047
-205 -233 1019 -7 8 -2 28077
-209 -235 1023 -8 8 -5 28108
-214 -228 984 1 -5 -2 28141
-189 -216 964 1 -3 0 28167
-191 -214 947 1 -1 4 28201
-200 -217 959 0 2 5 28232
-204 -236 985 -2 4 3 28254
-218 -238 993 -2 1 1 28285
-217 -248 1011 1 2 -3 28314
-216 -231 1000 0 -1 -3 28349
-214 -222 980 0 -6 -2 28374
-205 -206 950 -1 -6 -2 28406
-203 -202 933 -1 2 2 28437
-214 -220 986 1 5 5 28465
-220 -231 1000 -4 3 2 28494
-231 -235 993 -10 7 -2 28525
-236 -236 982 -7 12 -3 28555
-239 -242 982 -2 -1 -2 28588
-236 -236 982 -3 1 -1 28616
