-308 -336 965 5 3 -3 8
-311 -273 1010 3 -1 -3 50
-293 -261 980 -2 -4 -5 73
-279 -250 968 -1 -4 -6 95
-275 -252 986 9 -4 -7 117
-290 -262 936 27 -7 -4 140
-278 -245 877 31 0 0 167
-286 -194 869 17 7 2 190
-305 -174 927 4 4 0 213
-333 -142 968 -5 -5 -1 241
-339 -123 944 -3 -6 0 264
-317 -130 891 3 -7 -1 289
-289 -141 867 4 -7 -3 315
-252 -156 864 -1 -6 -4 345
-238 -184 870 -1 -6 -5 375
-230 -198 871 8 0 -5 403
-258 -195 935 17 7 1 430
-297 -194 999 11 6 -2 461
-312 -185 1016 2 1 -5 484
-281 -180 983 -5 -4 -6 513
-227 -195 887 -11 -6 -6 548
-234 -190 915 -2 -4 -5 571
-248 -206 1042 15 0 -1 602
-282 -143 1043 11 5 0 631
-277 -102 959 -13 -2 0 658
-254 -127 967 -12 2 -9 688
-261 -148 1026 10 0 -4 718
-251 -146 960 12 2 -1 746
-251 -116 918 -4 0 -1 773
-264 -99 946 -15 1 -2 803
-234 -163 908 -5 0 -2 830
-224 -212 841 9 -2 -3 858
-265 -213 924 20 -2 -4 887
-283 -201 1009 12 -2 -3 916
-287 -135 989 -7 -3 -6 946
-237 -161 929 -11 -6 -8 976
-215 -182 933 6 -3 -5 1006
-234 -157 965 18 0 0 1035
-239 -120 963 1 2 -3 1066
-239 -135 903 -13 -3 -4 1088
-234 -202 896 -3 -1 -6 1121
-234 -210 1049 31 4 0 1154
-247 -169 1021 20 4 -1 1180
-225 -98 938 -12 2 -8 1211
-191 -117 892 -21 -3 -9 1240
-228 -141 908 12 -1 -2 1274
-253 -91 947 20 3 3 1300
-290 -51 1005 5 1 4 1328
-312 -47 1060 -7 -2 -7 1356
-278 -68 1077 -2 -1 -5 1386
-225 -125 997 2 -2 -6 1416
-214 -130 918 -3 -4 -9 1445
-170 -149 777 -17 -2 -9 1476
-186 -188 796 -10 -4 -10 1507
-241 -190 950 18 -1 -1 1539
-272 -177 1064 20 2 -2 1569
-269 -69 1096 -4 0 -6 1605
-231 -79 1031 -11 2 -8 1627
-176 -120 918 -15 2 -9 1658
-185 -162 910 -4 -1 -5 1689
-206 -284 977 15 -7 -7 1721
-232 -199 988 16 1 -3 1747
-261 -100 958 -9 5 2 1778
-257 -113 907 -25 -1 -1 1806
-296 -198 1006 2 -1 -14 1838
-234 -195 973 23 0 -1 1870
-233 -115 919 7 5 0 1895
-204 -138 945 -23 2 -8 1924
-197 -221 1022 -8 -3 -19 1955
-203 -133 882 16 2 0 1992
-213 -102 816 1 4 2 2020
-240 -150 853 -2 -5 3 2043
-300 -207 1006 14 -4 -7 2075
-332 -98 1058 20 3 1 2102
-289 -51 978 -10 3 -4 2134
-202 -83 909 -30 -6 -14 2160
-132 -159 865 -15 -3 -14 2191
-132 -205 864 6 1 -4 2223
-201 -214 1037 18 5 -1 2251
-257 -180 1143 9 1 1 2281
-227 -132 1026 -12 1 -4 2310
-190 -150 978 -21 -5 -11 2341
-172 -199 964 -2 -10 -9 2373
-148 -212 872 10 -8 -3 2404
-175 -162 976 10 2 -3 2437
-203 -136 1039 6 2 -4 2462
-198 -105 986 -1 3 -5 2492
-166 -110 913 -13 5 -7 2521
-193 -161 996 3 2 -8 2553
-209 -203 1028 19 1 1 2579
-243 -123 927 6 0 2 2609
-225 -110 853 -16 4 -6 2637
-232 -164 904 -10 -5 -7 2671
-225 -224 920 17 -6 -4 2697
-233 -215 980 27 -3 -2 2727
-244 -180 1031 13 -5 -6 2759
-205 -149 967 -2 1 -7 2788
-210 -119 951 -3 3 -6 2818
-214 -126 937 0 0 -4 2847
-222 -111 956 2 -1 -4 2876
-206 -106 988 0 -5 -4 2904
-191 -133 980 -9 -2 -5 2932
-173 -135 1024 -1 0 -7 2965
-180 -121 1037 10 7 -4 2994
-176 -123 946 -2 6 -3 3024
-153 -136 865 -15 3 -6 3051
-179 -179 962 0 -2 -8 3085
-213 -205 1054 21 -2 1 3113
-230 -157 1020 18 -3 0 3141
-189 -121 930 -11 2 -7 3174
-164 -206 936 -6 -1 -10 3206
-181 -164 1026 22 -1 -3 3235
-214 -121 980 13 0 -1 3266
-180 -119 895 -18 -2 -7 3294
-159 -102 908 -13 -3 -11 3325
-219 -160 992 8 4 -4 3359
-224 -161 1052 15 -1 -2 3385
-215 -66 1046 10 4 -4 3417
-178 -132 898 -19 8 -7 3446
-153 -151 941 -19 -6 -9 3477
-173 -161 997 14 -4 -2 3507
-162 -233 975 14 -6 -1 3538
-174 -128 952 5 -6 -7 3568
-163 -134 917 -5 1 -3 3597
-190 -182 967 -7 6 -4 3626
-231 -97 1075 12 1 -6 3655
-221 -103 1017 2 5 1 3684
-181 -138 922 -13 -2 -5 3717
-154 -111 904 -4 -5 -7 3742
-142 -226 912 1 1 -2 3773
-184 -203 998 15 -2 -5 3802
-192 -190 980 6 2 -2 3843
-193 -198 984 -3 2 -5 3865
-188 -157 983 3 -5 -8 3889
-191 -149 960 3 -3 -8 3917
-178 -108 956 -8 -3 -7 3950
-180 -85 940 -9 -5 -7 3976
-177 -143 998 3 1 -5 4009
-190 -130 1084 11 4 -1 4034
-202 -111 1024 6 2 -2 4065
-162 -175 963 -10 -2 -8 4094
-159 -137 952 0 -3 -6 4126
-154 -221 837 -3 -2 -3 4154
-190 -215 977 8 -3 -6 4185
-214 -192 1070 21 -1 -1 4214
-201 -146 934 -1 -1 -4 4244
-182 -80 824 -20 -1 -9 4273
-182 -149 982 -2 -1 -5 4308
-200 -170 1081 17 7 -1 4334
-216 -98 1080 7 1 -3 4367
-189 -100 1062 -9 2 -6 4392
-165 -141 960 -10 5 -5 4427
-180 -183 914 -1 3 -3 4452
-199 -227 921 11 -3 -3 4483
-184 -231 875 8 -4 -3 4513
-210 -225 936 6 -7 -6 4543
-214 -181 941 9 -9 -5 4571
-189 -122 878 1 -2 -7 4601
-174 -81 904 -7 1 -7 4629
-190 -100 996 -2 1 -6 4658
-201 -97 1059 10 7 -3 4687
-204 -74 1096 2 7 0 4717
-190 -91 1049 -12 6 -3 4741
-161 -153 921 -18 1 -7 4776
-147 -252 884 -5 -2 -8 4807
-187 -263 927 11 -3 -5 4832
-237 -214 998 18 -3 -1 4866
-238 -167 990 -4 -5 -7 4894
-234 -139 1051 1 -5 -10 4924
-203 -145 951 8 -1 -5 4955
-185 -108 866 2 4 -4 4985
-190 -119 905 -6 5 -4 5010
-207 -149 1005 0 2 -3 5043
-212 -146 990 4 5 -2 5069
-223 -102 941 -5 6 -3 5099
-214 -129 915 -15 3 -7 5128
-227 -187 966 -3 -2 -7 5158
-261 -202 1060 20 -1 -2 5188
-243 -144 944 -1 -3 -3 5221
-179 -177 849 -20 -10 -8 5248
-132 -227 837 1 -16 -14 5284
-150 -251 903 27 -3 0 5317
-186 -201 1046 29 2 -1 5343
-210 -125 1086 3 -2 -7 5375
-189 -106 1015 -17 4 -7 5403
-176 -89 997 -15 5 -7 5433
-160 -147 994 -4 3 -6 5463
-168 -185 1049 9 4 -2 5492
-176 -137 990 3 3 1 5521
-129 -159 892 -14 2 -3 5546
-163 -211 867 -9 -3 -10 5581
-223 -210 964 26 2 -4 5609
-256 -175 1055 27 9 6 5643
-272 -129 1063 3 0 -2 5666
-208 -102 1040 -24 -3 -13 5703
-160 -128 962 -9 0 -4 5730
-150 -165 918 5 -4 -3 5759
-155 -149 950 10 -4 -4 5787
-144 -218 909 -1 -6 -5 5821
-169 -179 966 8 -3 -5 5852
-177 -172 1017 15 0 -2 5876
-150 -150 962 0 -1 -5 5910
-142 -123 907 -10 -1 -9 5935
-140 -136 927 -9 -1 -6 5970
-177 -154 1031 13 -3 -2 5999
-167 -151 991 10 -4 -1 6030
-136 -152 944 -10 -3 -6 6060
-127 -173 933 -8 0 -6 6091
-133 -209 979 12 0 -4 6119
-144 -178 1004 13 1 -3 6149
-119 -191 965 -5 -4 -8 6179
-144 -119 1017 -1 4 -5 6210
-163 -116 978 -9 3 -2 6239
-148 -142 1002 -6 -3 -8 6269
-123 -174 1015 8 -5 -4 6300
-112 -206 1005 13 -1 -3 6330
-130 -150 1016 2 6 -3 6361
-138 -179 1019 -1 4 -6 6397
-162 -176 1019 4 6 -2 6418
-171 -155 954 0 0 -4 6449
-176 -152 957 -9 -3 -8 6478
-176 -129 988 0 -7 -5 6509
-153 -157 936 2 -2 -5 6537
-143 -131 954 4 0 -5 6566
-155 -160 949 3 1 -4 6595
-151 -154 969 6 1 -5 6621
-162 -162 1000 2 4 -4 6650
-178 -146 1003 0 0 -5 6680
-149 -177 987 -5 -2 -6 6708
-147 -160 1020 5 -4 -5 6740
-137 -179 1010 6 -3 -5 6769
-143 -117 953 3 -1 -4 6799
-129 -143 902 -11 0 -6 6828
-135 -139 945 -3 0 -5 6859
-129 -198 912 5 -3 -5 6887
-119 -191 1012 13 0 -6 6920
-139 -103 1088 9 6 -3 6947
-110 -97 957 -18 6 -6 6975
-73 -109 928 -23 -3 -10 7005
-62 -177 909 -4 -7 -8 7040
-93 -212 994 18 -9 -4 7066
-109 -165 1092 15 -4 -2 7094
-98 -132 1058 -6 -4 -7 7126
-73 -181 1012 -10 2 -8 7156
-67 -222 1037 11 1 -3 7186
-93 -208 1076 19 0 -2 7215
-77 -167 987 -1 -1 -4 7244
-30 -150 876 -20 -1 -7 7273
-56 -146 923 -10 2 -7 7304
-93 -199 971 11 1 -2 7333
-86 -167 1040 20 -1 -3 7360
-103 -87 1129 3 6 -5 7391
-99 -60 1062 -16 6 -5 7420
-40 -155 1003 -14 0 -10 7457
-58 -194 1038 15 0 -3 7480
-83 -237 1013 18 -3 4 7507
-62 -190 919 -2 -14 -5 7543
-54 -170 925 -4 -11 -8 7566
-75 -185 975 9 -4 -4 7600
-55 -165 953 9 -3 -5 7625
-49 -109 947 -2 1 -6 7654
-65 -103 979 -9 6 -7 7682
-52 -96 1033 -3 3 -3 7710
-75 -98 1060 1 3 -3 7738
-63 -127 1079 -1 3 -5 7764
-55 -164 1052 1 3 -3 7795
-57 -202 952 2 2 -2 7822
-83 -223 978 7 -2 -5 7849
-96 -232 984 9 -1 -4 7879
-104 -233 994 6 -5 -7 7904
-132 -136 1038 3 -1 -6 7935
-98 -148 973 -11 -4 -6 7965
-91 -121 998 9 -3 -6 8002
-83 -99 1001 18 -1 -1 8023
-56 -117 1011 1 1 -2 8053
-63 -69 983 -12 2 -6 8081
-49 -192 980 -8 2 -7 8108
-65 -204 1022 19 -1 -2 8137
-63 -219 957 11 -3 -2 8167
-94 -157 1070 4 1 -8 8197
-100 -151 1089 2 3 -6 8223
-77 -159 941 -6 -3 -5 8252
-54 -153 876 -10 -7 -8 8282
-64 -145 948 8 -5 -4 8313
-87 -152 964 13 1 -1 8340
-94 -81 1055 0 5 -6 8368
-105 -76 1105 -5 9 -6 8396
-81 -131 1016 -5 8 -3 8425
-74 -131 925 -5 6 -4 8452
-70 -165 920 -5 -1 -6 8482
-145 -179 1053 13 -1 0 8517
-128 -200 972 5 -4 -1 8540
-99 -170 898 -9 -8 -9 8570
-111 -159 925 2 -8 -9 8600
-137 -155 1014 20 0 -1 8633
-136 -114 1055 12 -3 -5 8658
-106 -82 1056 -11 -1 -7 8690
-51 -136 962 -13 -2 -6 8722
-36 -138 933 -2 1 -4 8749
-87 -182 1012 11 3 -4 8780
-135 -186 1097 16 3 -1 8808
-141 -182 1024 1 1 -3 8838
-126 -173 960 -8 3 -8 8868
-130 -219 976 -1 2 -7 8898
-145 -198 1012 16 1 -3 8926
-144 -166 959 5 -3 -4 8956
-101 -122 914 -8 -3 -6 8985
-110 -99 907 -2 -3 -4 9016
-113 -127 930 4 -1 -4 9048
-135 -96 1048 5 1 -5 9074
-144 -117 1062 -3 -1 -4 9102
-102 -117 986 -10 -2 -6 9133
-73 -135 967 -5 -2 -6 9164
-83 -194 1043 11 -2 -5 9193
-83 -200 1039 13 -3 -3 9230
-73 -208 971 -1 -2 -6 9253
-80 -195 959 -5 -2 -10 9283
-92 -169 903 2 1 -3 9312
-121 -149 920 -1 3 -5 9341
-147 -78 1041 1 3 -5 9372
-140 -92 1034 -3 2 -1 9395
-105 -92 948 -10 3 -5 9426
-108 -83 941 -12 6 -6 9456
-134 -127 1045 1 6 -2 9484
-147 -168 1068 11 3 1 9513
-139 -207 1021 5 -3 -6 9543
-120 -210 1005 6 -9 -8 9579
-106 -215 908 1 -8 -5 9601
-109 -215 862 -1 -14 -11 9632
-107 -194 956 13 -11 -4 9664
-99 -172 926 14 -8 -3 9698
-90 -109 910 4 -2 -5 9723
-61 -116 995 -8 2 -6 9753
-90 -115 1056 2 9 -6 9780
-79 -141 1090 12 9 -5 9810
-74 -103 1056 0 11 0 9839
-73 -133 973 -15 9 -3 9864
-78 -146 911 -16 4 -5 9897
-97 -198 939 -7 1 -5 9924
-164 -232 1048 13 -1 -5 9952
-218 -160 1136 24 -2 -2 9984
-163 -101 950 -17 1 -5 10017
-110 -103 933 -19 -5 -12 10047
-90 -184 1008 9 1 -6 10079
-103 -202 1062 25 0 0 10112
-111 -150 994 -4 1 -3 10139
-128 -132 996 -18 0 -7 10168
-152 -154 998 -6 3 -3 10200
-145 -179 1020 13 -4 -5 10230
-115 -157 985 2 -3 -4 10268
-83 -167 884 -13 -5 -6 10291
-56 -218 985 4 0 -9 10325
-91 -197 1060 27 4 -1 10351
-112 -170 959 3 3 -4 10384
-92 -139 962 -10 -1 -9 10409
-106 -194 920 -8 1 -5 10444
-129 -195 954 5 -4 -4 10470
-128 -160 1035 14 -4 -2 10505
-138 -126 1008 -4 2 -5 10535
-94 -139 984 -11 0 -6 10566
-89 -160 1041 8 2 -4 10596
-104 -177 953 8 0 -1 10626
-74 -190 921 -3 -3 -8 10658
-133 -104 999 1 1 -1 10684
-125 -137 922 -10 -1 -3 10714
-82 -121 947 -4 -6 -8 10747
-68 -136 945 2 -2 -2 10776
-78 -152 943 0 2 -5 10805
-84 -139 1064 2 6 -7 10833
-145 -159 1120 8 7 -1 10863
-122 -179 1001 -3 0 -4 10893
-88 -194 917 -6 -8 -7 10924
-102 -221 972 7 -5 -4 10954
-97 -268 987 18 -9 -5 10984
-89 -175 1001 16 -5 -4 11014
-97 -153 946 -12 -1 -8 11052
-88 -121 984 -6 1 -9 11075
-128 -133 1050 11 5 -1 11106
-87 -159 1078 11 -2 -4 11137
-60 -112 923 -15 0 -5 11174
-52 -139 922 -18 1 -6 11197
-83 -176 989 10 2 -4 11233
-132 -159 1012 18 3 0 11256
-115 -161 1007 -4 -4 -7 11290
-90 -170 993 -8 -3 -8 11320
-126 -172 1073 13 2 -4 11350
-98 -178 1051 10 1 -1 11382
-85 -168 1028 -1 -1 -7 11411
-82 -137 1021 1 1 -3 11443
-87 -131 859 -13 1 -1 11472
-102 -129 864 -15 -4 -7 11502
-130 -131 964 8 -4 -4 11534
-117 -163 932 11 1 3 11565
-97 -138 1047 4 1 -6 11594
-113 -97 1127 3 8 -4 11622
-99 -120 1004 -5 7 -5 11652
-70 -175 941 -8 -2 -8 11683
-97 -256 996 12 -9 -4 11718
-103 -255 998 14 -10 -1 11740
-110 -123 945 -4 -10 -6 11777
-81 -157 917 -14 -9 -8 11808
-70 -129 937 8 0 -6 11837
-77 -150 954 15 8 0 11866
-83 -159 1041 9 7 -4 11893
-94 -102 1099 -2 9 -6 11925
-80 -96 1005 -13 10 -3 11957
-49 -149 967 -19 6 -6 11983
-110 -189 1054 10 1 -4 12017
-176 -231 1161 22 1 1 12046
-148 -152 1056 2 -7 -3 12076
-107 -122 825 -25 -5 -9 12107
-74 -167 788 -20 -11 -11 12139
-79 -195 922 27 -3 0 12175
-113 -203 1001 36 5 4 12200
-144 -82 1122 5 5 -5 12234
-132 -48 1086 -15 6 -4 12257
-81 -71 951 -24 1 -6 12295
-58 -136 953 -14 -2 -9 12320
-57 -245 1028 19 -6 0 12355
-51 -236 931 7 -8 -2 12383
-75 -140 918 -11 -2 -10 12413
-112 -144 971 -6 5 -6 12445
-126 -167 1000 8 3 -3 12474
-118 -169 1064 14 1 -5 12504
-96 -175 1022 2 -1 -4 12537
-66 -147 906 -9 -1 -6 12565
-92 -118 961 -5 2 -5 12596
-136 -153 1075 10 4 -2 12625
-130 -187 1068 10 -4 -3 12657
-105 -163 970 -3 -4 -5 12688
-98 -147 952 -6 -4 -7 12721
-94 -165 984 5 -3 -4 12749
-82 -155 1060 16 -1 -4 12786
-78 -136 1000 5 3 -2 12808
-37 -136 928 -10 2 -7 12841
-64 -179 932 -2 1 -5 12871
-106 -183 1030 12 4 -4 12903
-138 -115 1095 8 5 -1 12930
-110 -112 979 -19 3 -6 12961
-86 -121 964 -17 0 -9 12991
-96 -191 999 9 2 -3 13021
-130 -227 1098 30 -3 -1 13050
-119 -146 1039 11 -1 -2 13082
-92 -153 881 -23 -2 -8 13114
-93 -194 957 3 -6 -8 13150
-114 -199 1045 28 -2 0 13173
-156 -112 1137 25 2 2 13205
-112 -52 1013 -24 -2 -8 13236
-58 -104 971 -28 -1 -9 13270
-53 -189 922 10 0 -3 13303
-72 -206 917 27 3 1 13328
-90 -167 995 23 1 -2 13355
-80 -167 965 -4 0 -3 13386
-93 -156 928 -10 1 -10 13414
-133 -176 1069 14 0 -4 13447
-154 -139 1078 11 -2 -3 13478
-116 -122 1002 -11 -5 -8 13510
-80 -140 986 -10 -7 -7 13542
-66 -167 915 4 -5 -1 13573
-66 -165 889 11 -3 -4 13604
-98 -127 1010 14 3 -3 13632
-127 -111 1039 2 5 -3 13668
-102 -76 961 -10 3 -5 13692
-74 -113 916 -20 -3 -8 13726
-70 -146 943 -5 -2 -9 13753
-95 -177 1005 19 1 2 13787
-100 -161 1019 9 -1 -2 13813
-106 -146 984 -13 0 -8 13852
-95 -183 1015 6 -2 -7 13876
-115 -181 1087 19 0 -1 13907
-109 -148 1030 2 -5 -6 13938
-66 -132 929 -16 -2 -8 13968
-46 -155 920 -7 -2 -7 14000
-101 -138 989 15 6 -2 14030
-121 -141 1058 13 2 -2 14061
-103 -120 1030 -7 3 -6 14091
-88 -141 986 -14 3 -8 14125
-89 -148 1033 0 3 -6 14152
-130 -157 995 7 1 0 14184
-104 -176 967 -3 -4 -5 14208
-100 -165 988 0 -4 -5 14243
-108 -205 1030 8 -2 -5 14269
-102 -144 1038 11 -2 -2 14305
-79 -148 889 -11 -2 -7 14335
-69 -183 923 -9 -4 -8 14370
-94 -182 997 17 -2 -1 14396
-148 -98 1039 13 1 1 14427
-100 -86 998 -18 -2 -8 14456
-47 -108 908 -21 -5 -8 14486
-46 -195 874 2 0 -7 14518
-88 -188 1096 35 6 -1 14547
-125 -144 1142 15 3 1 14577
-88 -154 957 -25 2 -10 14606
-60 -189 997 -10 -4 -11 14637
-111 -196 988 18 0 4 14673
-111 -174 928 6 -5 -4 14697
-91 -128 985 -7 -2 -7 14731
-92 -154 987 2 3 -3 14764
-108 -110 972 5 5 -3 14787
-99 -98 1035 -1 5 -4 14816
-124 -117 1110 2 8 -4 14846
-109 -124 1029 -1 3 -4 14876
-95 -146 1028 -5 1 -5 14914
-106 -170 973 -3 0 -5 14935
-118 -222 922 8 -9 -8 14969
-127 -174 1011 22 -7 -3 14996
-139 -151 938 0 -6 -3 15034
-85 -140 916 -9 -9 -12 15060
-68 -132 978 6 1 -4 15091
-114 -143 1018 8 8 -2 15120
-122 -87 1121 7 2 -4 15149
-106 -72 991 -8 6 2 15179
-75 -114 846 -23 0 -3 15204
-46 -180 877 -2 -8 -10 15239
-92 -257 1003 33 1 1 15268
-106 -241 1033 32 2 2 15295
-123 -99 1026 -11 2 -10 15331
-122 -89 1044 -17 5 -7 15360
-114 -113 1005 -6 4 -5 15391
-128 -92 1123 13 -3 -5 15421
-80 -142 921 -9 -4 1 15458
-50 -144 778 -23 -13 -7 15482
-77 -162 926 8 6 -8 15516
-128 -230 1081 31 10 2 15541
-165 -168 1128 33 6 1 15574
-148 -92 1002 -24 1 -11 15607
-113 -133 1030 -22 -2 -12 15636
-138 -141 1047 14 -2 -2 15670
-135 -115 1059 16 -7 1 15702
-73 -122 830 -23 -14 -7 15737
-53 -125 767 -9 -8 -12 15766
-62 -214 914 22 4 -2 15797
-137 -179 1137 44 12 0 15826
-166 -70 1054 5 6 0 15858
-84 -86 910 -40 3 -13 15885
-77 -90 974 -20 -6 -12 15916
-91 -151 1048 22 3 2 15947
-110 -123 1037 16 -4 1 15981
-91 -108 914 -20 -5 -8 16007
-81 -126 913 -15 -1 -10 16038
-121 -192 956 24 3 -2 16074
-149 -181 1074 37 3 -2 16099
-144 -72 1100 0 3 -4 16134
-118 -54 969 -25 5 -8 16160
-75 -88 997 -17 -2 -9 16194
-113 -80 1004 6 2 -2 16220
-127 -176 948 8 -6 -4 16253
-112 -166 987 6 -7 -7 16280
-132 -153 1050 9 1 -2 16313
-140 -111 1007 3 4 -2 16339
-97 -153 999 -3 -3 -10 16373
-107 -178 1042 14 -3 -4 16402
-91 -139 956 8 -5 -1 16435
-85 -79 900 -17 -3 -8 16464
-79 -101 924 -18 -4 -6 16498
-82 -177 959 10 -1 -6 16525
-102 -150 1031 30 3 0 16556
-127 -63 1069 0 4 -4 16592
-100 -58 989 -18 6 -8 16614
-73 -132 932 -19 -1 -10 16645
-77 -170 997 9 -2 -5 16678
-95 -183 997 23 -5 1 16706
-100 -106 966 2 -2 -4 16735
-117 -98 970 -17 4 -8 16765
-144 -104 1063 2 3 -5 16797
-109 -155 1040 12 -3 -1 16825
-78 -74 898 -7 0 -6 16860
-60 -105 893 -19 -1 -7 16885
-90 -109 1028 5 6 -4 16923
-127 -132 1075 15 8 -1 16945
-128 -167 1116 2 1 -5 16979
-117 -153 1088 0 -3 -6 17006
-110 -139 1016 2 -2 -4 17051
-76 -144 912 -5 -4 -5 17073
-56 -179 825 -8 -9 -11 17100
-74 -149 969 17 -3 -6 17131
-128 -122 1035 23 4 4 17161
-128 -78 983 -5 2 -5 17192
-104 -59 1081 -15 1 -12 17221
-96 -86 1022 -9 10 0 17253
-78 -126 996 0 1 -6 17282
-75 -100 1007 4 1 -3 17311
-93 -163 947 -3 1 -3 17339
-112 -150 948 0 -5 -6 17369
-126 -148 950 11 -4 -5 17399
-129 -155 968 9 -4 -3 17429
-91 -143 905 -3 -6 -5 17460
-91 -140 935 -5 -3 -9 17491
-111 -106 1037 8 0 -5 17521
-122 -53 1032 6 1 -1 17550
-82 -70 968 -18 -1 -5 17585
-44 -120 968 -13 -6 -10 17609
-63 -143 958 7 -1 -3 17642
-78 -173 958 10 0 -2 17671
-80 -140 1012 3 1 -5 17700
-96 -147 997 2 2 -5 17731
-100 -143 978 -1 2 -4 17757
-100 -146 1003 -1 -4 -7 17788
-107 -146 1020 5 -1 -5 17820
-79 -124 1009 2 0 -3 17853
-81 -112 979 -5 2 -5 17879
-101 -123 1019 -3 1 -5 17910
-104 -141 1034 7 0 -3 17940
-113 -136 1040 1 -1 -7 17973
-119 -103 1080 3 0 -6 18000
-92 -136 988 -7 2 -5 18034
-85 -118 945 -5 -1 -6 18059
-74 -164 965 6 -3 -6 18097
-113 -120 993 14 1 -1 18120
-108 -129 945 -9 -1 -6 18152
-111 -113 974 -4 -2 -8 18183
-108 -128 986 5 3 -2 18213
-115 -75 1030 3 1 -4 18243
-100 -89 1015 -13 3 -6 18271
-83 -162 1053 -4 -3 -10 18303
-88 -177 1006 14 0 1 18335
-106 -189 966 6 -4 -6 18363
-118 -140 1046 4 -3 -7 18394
-105 -172 945 -1 -2 -4 18432
-75 -176 897 -4 -5 -6 18454
-86 -125 930 7 -3 -6 18486
-132 -133 974 11 2 -1 18516
-123 -120 1022 3 -2 -4 18547
-107 -70 1039 -5 1 -4 18577
-74 -114 968 -13 2 -6 18607
-45 -158 962 3 -1 -7 18643
-98 -155 1061 17 3 -1 18671
-123 -132 1078 8 4 -1 18695
-113 -119 954 -17 -1 -7 18727
-84 -190 948 -3 -8 -10 18761
-106 -164 1011 27 3 1 18794
-119 -138 985 11 -1 -1 18820
-89 -104 976 -14 -1 -11 18852
-105 -99 1006 -6 3 -6 18884
-124 -98 1016 8 5 0 18914
-101 -120 960 -10 -2 -5 18942
-110 -114 979 -6 -3 -9 18975
-83 -169 955 0 -1 -1 19007
-97 -156 986 4 -4 -5 19034
-115 -119 1063 9 1 -5 19064
-105 -142 1015 -1 2 -3 19093
-57 -139 927 -11 -3 -8 19127
-65 -191 979 5 -1 -8 19161
-72 -189 1043 16 -1 -3 19184
-97 -114 1024 2 1 -3 19218
-92 -120 992 -16 2 -7 19247
-91 -169 984 1 -4 -6 19276
-92 -179 967 17 -4 -2 19303
-72 -142 978 9 -5 -3 19337
-64 -110 880 -12 -2 -5 19364
-56 -156 951 -15 -1 -10 19398
-111 -154 1206 27 3 -1 19427
-123 -99 1011 9 2 4 19459
-33 -81 885 -27 -3 -12 19488
-5 -112 911 -23 -6 -10 19518
-34 -254 967 12 -2 -8 19549
-66 -279 1140 44 -1 -3 19580
-84 -135 1115 22 -3 1 19612
-74 -75 871 -27 8 -7 19641
-23 -142 909 -28 -6 -10 19670
-79 -204 1117 35 2 0 19708
-88 -181 1081 30 4 2 19730
-58 -111 1017 -14 -4 -6 19760
-63 -73 1041 -16 5 -5 19795
-58 -118 1089 12 4 -2 19824
-9 -152 1019 8 -1 -3 19854
0 -170 983 -5 2 -9 19883
0 -183 997 -4 2 -7 19908
-33 -145 968 4 1 0 19936
-88 -122 985 1 2 -5 19964
-103 -144 1048 4 -3 -7 19989
-61 -172 1057 12 -4 -3 20024
-33 -146 985 0 -2 -5 20054
-10 -149 952 -10 2 -9 20084
-48 -125 956 2 3 -3 20113
-71 -137 984 6 0 -1 20141
-73 -114 1056 7 -6 -2 20168
-47 -140 1000 -1 -8 -6 20202
3 -138 920 -4 -4 -6 20234
1 -137 924 0 2 -5 20263
-15 -146 995 8 2 -5 20286
-27 -161 998 8 2 -2 20313
-30 -161 972 -1 -1 -5 20345
-41 -128 1005 -6 0 -4 20371
-54 -153 1023 -3 0 -5 20402
-38 -135 1060 9 0 -5 20431
-37 -141 1058 3 3 -3 20461
-22 -158 1032 -6 0 -6 20490
-38 -146 1007 -2 1 -3 20521
-49 -207 1017 3 0 -6 20551
-69 -155 1072 15 -2 0 20579
-62 -140 989 -1 0 -2 20609
-17 -136 926 -15 -2 -8 20639
-17 -186 969 -1 0 -8 20672
-52 -182 1059 20 4 1 20699
-68 -113 1034 3 1 0 20728
-43 -97 912 -22 0 -7 20761
-24 -154 941 -18 -5 -10 20783
-52 -138 1042 18 3 3 20819
-61 -141 1005 7 1 1 20845
-27 -144 998 -10 -4 -10 20875
-7 -228 968 6 -1 -6 20908
-36 -182 982 15 -3 -2 20933
-30 -137 902 -8 -6 -7 20966
-15 -140 937 -9 -6 -9 20994
-50 -193 1023 15 0 -2 21027
-39 -163 1080 18 0 0 21053
-64 -89 1116 -4 5 -5 21086
-51 -89 1089 -9 5 -6 21113
-13 -126 953 -14 2 -3 21142
-5 -167 952 -3 -3 -5 21173
-22 -202 995 13 -5 -4 21202
5 -156 939 3 -4 -2 21233
-27 -71 906 -21 8 -8 21259
-96 -98 1096 -10 9 -9 21292
-100 -167 1212 21 2 1 21319
-75 -178 1077 16 -3 0 21348
-28 -202 1041 -5 -2 -10 21379
-4 -269 1043 -1 -8 -15 21411
-23 -166 903 -2 -1 -5 21445
-43 -151 915 -1 -1 -3 21471
-18854 27263 32639 771 -3698 28547 21505
-110 -148 1117 27 6 0 21548
-99 -37 1190 9 0 4 21577
-35 -42 975 -30 1 -2 21603
13 -82 858 -38 -5 -11 21631
66 -253 931 4 -4 -23 21665
19 -251 1056 40 4 -1 21693
-49 -184 1092 34 7 5 21719
-96 -73 1059 -3 0 -6 21750
-59 -90 934 -28 2 -5 21779
-88 -103 964 -8 11 -3 21809
-112 -164 1085 13 2 5 21844
-98 -155 1102 6 -1 0 21867
-67 -137 948 -16 1 -6 21897
-60 -131 979 -8 1 -15 21929
-95 -103 1003 10 4 2 21958
-108 -192 1006 16 -5 -5 21992
-87 -213 1014 12 -5 -6 22018
-78 -195 1072 4 -1 -5 22053
-119 -115 1029 -9 4 -6 22086
-106 -113 1010 -10 -5 -7 22112
-79 -134 1009 4 -8 -1 22145
-76 -152 936 11 -6 -1 22176
-25 -131 925 -1 -6 -6 22205
-40 -108 996 -8 3 -3 22236
-44 -174 999 -4 3 -7 22265
-41 -163 993 6 4 -6 22294
-65 -147 993 7 5 -3 22322
-89 -169 1000 -3 -1 -6 22354
-83 -151 958 -3 -2 -5 22382
-84 -186 955 1 -3 -6 22411
-79 -187 1037 18 -6 -4 22441
-49 -142 974 8 -2 0 22472
-66 -110 890 -15 1 -8 22500
-87 -153 1106 3 2 -11 22533
-112 -146 1193 25 4 4 22560
-73 -72 961 -9 2 -1 22590
-32 -76 932 -34 0 -12 22619
-46 -167 1017 -12 -1 -10 22649
-81 -184 983 22 2 3 22682
-96 -173 1005 19 2 0 22710
-75 -131 1047 -2 -1 -6 22740
-75 -138 1003 -6 4 -6 22771
-91 -97 952 -3 4 -3 22800
-75 -168 958 -6 -1 -9 22828
-91 -185 1105 21 -7 -5 22860
-61 -194 932 11 -2 3 22894
-77 -64 948 -11 -2 -9 22919
-145 -7 1037 -16 3 -1 22949
-99 -208 1031 -1 -3 -9 22981
-44 -183 966 22 -11 -6 23010
-53 -208 946 12 -1 -1 23042
-65 -126 1050 -1 1 -7 23072
-77 -80 956 -7 2 -4 23102
-67 -165 945 -8 3 -8 23130
-69 -206 1054 16 -9 -7 23159
-54 -158 1025 25 -4 4 23190
-53 -113 872 -14 0 -6 23221
-81 -42 999 -16 2 -12 23251
-78 -127 1080 4 7 3 23281
-72 -154 1028 14 -1 -3 23309
-26 -122 925 -2 -2 -7 23341
-19 -111 1005 -9 2 -7 23371
-77 -79 991 -1 7 -1 23400
-70 -144 1030 -1 1 -10 23435
-86 -132 1081 8 1 -5 23458
-59 -202 1063 7 -5 -3 23488
-57 -132 1128 7 -2 -7 23519
-38 -141 1055 -5 2 -7 23550
-9 -164 1057 0 5 -8 23580
-33 -164 1082 11 -3 -3 23607
-10 -128 985 2 -3 -3 23639
1 -116 875 -13 -6 -9 23674
-11 -99 965 -2 -4 -9 23696
-19 -81 1001 6 3 -1 23726
-11 -86 994 -3 1 -6 23754
12 -75 1038 -4 -1 -5 23783
28 -137 912 -8 0 -6 23812
8 -130 990 3 -1 -9 23838
-18 -134 1176 20 -1 0 23866
18 -173 1003 -4 -1 -7 23904
24 -152 1033 -3 -7 -12 23926
46 -179 867 -6 -9 -5 23964
39 -164 812 -3 -11 -11 23986
-8 -134 889 18 -10 -1 24021
11 -176 952 22 -8 4 24047
39 -88 987 15 -2 -2 24076
75 -53 1051 -8 6 -5 24105
68 -63 1165 -9 11 -11 24134
71 -90 1126 3 8 -7 24163
18 -131 1215 8 6 -1 24190
6 -156 1188 6 -1 -2 24217
16 -200 1113 0 -3 -7 24247
-11 -148 1065 -4 -1 -5 24275
30 -165 996 -8 -1 -6 24307
6 -117 974 6 1 -4 24335
14 -116 908 8 1 1 24365
48 -132 864 7 -6 -1 24390
58 -108 836 10 -2 -4 24414
32 -64 878 0 10 -4 24445
-37 1 1184 -2 20 -9 24473
-66 17 1262 -2 10 -3 24503
-65 -55 1141 -13 8 -6 24529
-26 -102 1063 -12 -7 -8 24560
32 -197 978 -7 -12 -10 24591
33 -236 1014 5 -13 -12 24622
27 -241 1077 17 -9 -13 24654
-2 -108 1063 5 3 -5 24688
-19 -71 1023 -5 2 -5 24711
-1 -88 928 -9 -7 -2 24742
43 -155 853 5 -9 -4 24771
37 -163 842 19 -1 -2 24799
21 -96 977 12 4 1 24828
-6 -44 1104 3 3 -2 24851
-21 -32 986 -15 3 -1 24880
56 -122 918 -17 -1 -12 24910
52 -138 991 11 -3 -9 24941
36 -192 1014 16 0 2 24970
12 -134 1089 2 -5 -5 24998
-6 -60 1064 -13 -1 -5 25032
11 -101 1087 -10 -3 -7 25057
58 -143 1064 6 -11 -7 25088
66 -125 1030 9 -2 -4 25119
66 -128 1096 0 1 -5 25148
71 -98 1015 -5 -1 -4 25176
91 -133 918 -9 7 -6 25206
65 -152 989 -1 5 -9 25231
26 -157 1074 11 3 1 25267
-4 -138 1035 1 8 -2 25289
-58 -120 1057 -4 5 -9 25317
-71 -152 1059 7 4 -3 25347
-98 -162 996 14 10 1 25378
-102 -185 959 5 -3 -6 25405
-76 -165 935 -3 -7 -10 25436
-103 -133 991 5 -1 -3 25467
-119 -113 1052 7 -2 -3 25498
-94 -50 1011 -1 -5 -5 25528
-78 -115 1065 4 -6 -5 25564
-53 -130 1021 6 -5 -4 25588
-67 -86 908 3 -6 -5 25618
-30 -175 1051 6 -10 -6 25653
2 -182 1186 18 -2 -4 25677
-44 -114 1259 21 14 -2 25707
-9 -96 1269 -9 6 -8 25738
7 -49 1197 -16 -1 -8 25767
-1 -78 1107 -7 12 -2 25796
-12 -119 1084 -2 7 -2 25825
-67 -60 967 -2 13 -6 25855
-129 -51 956 -10 20 -4 25884
-165 -102 892 -8 11 -4 25915
-150 -148 706 4 4 -4 25947
-114 -178 683 9 7 1 25976
-117 -199 831 6 8 -1 26003
-136 -181 914 -2 0 -9 26033
-103 -127 908 -12 -4 -12 26064
-110 -166 950 14 -4 -10 26102
-146 -186 1103 35 -5 -1 26128
-179 -127 1164 8 -5 3 26161
-174 -43 1050 -27 -6 -4 26195
-163 -63 983 -26 -5 -9 26223
-159 -112 939 -7 -13 -6 26254
-107 -94 767 4 -16 -1 26288
-66 -125 696 -7 -23 -3 26318
-48 -152 659 0 -34 -12 26349
-6 -138 604 19 -35 -12 26379
42 -171 680 29 -28 -9 26410
60 -128 996 29 -12 -4 26442
-22 -27 1236 27 4 2 26470
-19 9 1327 5 5 -7 26499
-11 14 1276 -6 4 -9 26523
-19 -113 1186 -8 9 -4 26553
-45 -206 1165 2 6 -8 26583
-121 -134 1168 7 15 -4 26618
-153 -111 1177 -6 18 -1 26642
-158 -100 1002 -15 8 -10 26677
-133 -90 918 -5 13 -6 26709
-112 -113 847 1 14 1 26739
-124 -90 755 -2 17 2 26768
-169 -92 783 -11 22 -1 26797
-228 -113 895 -8 21 -3 26829
-327 -108 1074 15 26 1 26859
-383 -159 1182 19 24 10 26891
-325 -154 1072 -16 11 -7 26928
-264 -116 917 -26 -2 -17 26956
-251 -176 921 -13 -18 -17 26990
-296 -206 989 20 -29 -2 27026
-323 -177 1041 30 -27 4 27056
-300 -92 1049 15 -18 -2 27088
-232 -69 970 -8 -14 -9 27121
-161 -81 933 -8 -3 -8 27157
-148 -79 927 -1 3 -4 27180
-141 -109 944 -5 3 -2 27213
-139 -116 931 -9 2 -4 27239
-143 -154 907 -5 0 -6 27274
-155 -188 939 4 -2 -7 27300
-186 -160 916 15 5 1 27334
-198 -162 906 6 6 -1 27359
-246 -118 957 -4 2 -4 27393
-250 -134 983 -3 3 -5 27419
-213 -120 1008 -2 -6 -7 27452
-183 -105 978 -5 1 -5 27483
-186 -137 990 -3 1 -6 27518
-219 -125 1031 9 5 -2 27542
-222 -131 1005 7 6 0 27573
-220 -141 939 -8 1 -3 27603
-218 -173 930 -4 -7 -8 27633
-220 -176 964 11 1 -3 27663
-213 -167 971 6 0 -6 27697
-205 -152 978 -5 -4 -6 27724
-214 -152 970 1 1 -4 27753
-221 -129 946 3 2 -3 27783
-220 -113 946 -5 -4 -5 27812
-207 -112 957 -5 -3 -6 27844
-218 -128 1021 0 0 -5 27874
-215 -143 1068 7 -2 -1 27905
-181 -130 954 1 -1 -3 27936
-148 -170 852 -11 -2 -8 27966
-185 -139 939 10 0 -6 28000
-190 -203 943 2 3 -2 28029
-198 -175 1001 -1 -7 -5 28057
-188 -106 947 -3 -1 -3 28092
-167 -172 934 -6 -5 -7 28124
-177 -94 971 9 -1 -3 28152
-164 -196 956 4 4 -4 28181
-187 -158 1064 6 1 -9 28215
-155 -112 976 -8 6 -2 28241
-153 -225 953 -14 -3 -11 28271
-150 -229 1004 15 -7 -8 28304
-186 -156 933 20 4 2 28339
-195 -84 852 -11 -3 0 28364
-163 -108 805 -24 -14 -5 28398
-180 -168 915 17 -3 -8 28429
-155 -201 1027 31 1 2 28461
-189 -68 1094 13 2 4 28491
-141 -68 1003 -28 2 -8 28519
-126 -89 956 -28 1 -14 28550
-137 -164 969 4 4 -5 28583
-151 -252 1064 26 4 0 28611
-177 -180 1101 9 -4 -4 28646
-148 -160 976 -14 -4 -6 28671
-125 -139 919 -14 -4 -7 28707
-151 -204 969 16 0 0 28736
-163 -217 1019 32 0 -2 28770
-185 -74 1019 9 12 1 28798
-190 -73 956 -30 6 -5 28827
-182 -95 952 -27 -1 -12 28856
-163 -162 974 9 0 -7 28888
-147 -191 982 26 2 5 28919
-149 -190 970 4 -6 -3 28946
-153 -130 964 -5 -4 -9 28977
-151 -221 1016 -3 0 -4 29008
-171 -148 1038 17 -8 -3 29040
-117 -191 945 -6 -10 -9 29073
-120 -72 937 -6 -10 -7 29104
-93 -87 892 -11 -1 1 29135
-89 -107 982 -1 -1 -7 29165
-86 -129 1002 5 6 -3 29194
-103 -148 1014 7 6 -4 29224
-106 -130 986 -4 6 -2 29254
-101 -158 948 -9 3 -7 29288
-126 -197 988 -1 7 -4 29314
-133 -254 1038 16 -4 -5 29344
-139 -212 1011 11 -3 -2 29383
-150 -183 1006 2 -6 -6 29408
-123 -92 887 -8 -2 -2 29442
-105 -115 843 -16 -6 -2 29469
-103 -126 986 12 -7 -9 29503
-89 -171 1049 16 5 3 29534
-112 -110 1157 7 3 -4 29563
-118 -46 1070 -13 10 -3 29593
-102 -89 961 -20 4 -7 29625
-85 -163 977 -2 1 -5 29656
-84 -311 1059 26 -6 -8 29685
-70 -280 1022 27 -10 -9 29715
-67 -115 799 -20 -7 -7 29749
-76 -117 802 -23 -12 -4 29780
-157 -146 982 24 4 -2 29815
-162 -126 1073 39 5 8 29841
-142 -45 1115 2 2 3 29872
-98 4 1045 -31 0 -5 29900
-66 -35 962 -36 0 -9 29926
-30 -105 915 -5 -1 -11 29958
-56 -196 994 20 1 -2 29989
-92 -205 1081 25 -1 1 30021
-92 -180 985 6 -1 -1 30045
-75 -147 909 -19 -1 -10 30078
-109 -172 1011 5 2 -7 30109
-125 -158 1101 23 0 -3 30139
-119 -65 1068 3 1 -2 30170
-53 -114 1003 -25 -3 -9 30199
-56 -73 1007 -6 5 -9 30232
-83 -156 986 5 9 1 30260
32639 32639 32639 1057 -19862 32639 30290
-116 -148 1034 -3 0 -2 30339
-98 -115 931 -9 -6 -8 30368
-72 -130 896 -7 -6 -8 30392
-81 -195 1106 16 3 -6 30426
-103 -165 1175 26 5 -2 30453
-89 -77 1045 -10 3 -4 30488
-65 -129 953 -26 -6 -12 30515
-76 -124 919 1 -7 -7 30547
-68 -158 890 16 0 4 30577
-91 -98 934 8 -1 0 30605
-98 -98 960 -1 -4 -5 30630
-58 -162 999 -6 -3 -8 30661
-57 -119 1035 8 4 -6 30691
-75 -91 1003 2 10 -5 30721
-81 -87 1086 -5 7 -8 30749
-62 -112 1011 -5 5 -4 30778
-60 -138 989 -10 -4 -6 30808
-70 -171 1006 -3 -7 -6 30841
-56 -183 933 9 -5 -3 30877
-58 -181 936 8 -1 -5 30898
-102 -105 1020 13 -2 -4 30930
-72 -159 951 -2 -2 -6 30964
-52 -169 942 0 -9 -12 30990
-44 -124 987 16 -1 -1 31023
-58 -97 973 -7 1 -4 31053
-56 -58 979 -17 -1 -7 31078
-81 -64 1024 -3 3 -3 31112
-67 -110 1025 2 1 -2 31138
-57 -93 1021 5 -7 -5 31168
-43 -107 1023 -1 -1 -6 31197
-31 -142 1056 4 4 -4 31235
-15 -133 987 5 1 -3 31257
-25 -146 933 -2 4 -7 31286
-45 -195 1008 5 -1 -8 31315
-64 -191 1040 14 1 -2 31345
-86 -163 1007 -5 0 -6 31375
-98 -110 1027 -5 -1 -10 31412
-96 -71 1042 5 3 -3 31436
-83 -105 1003 -1 0 -1 31465
-65 -60 974 -1 -6 -7 31496
-25 -124 948 -4 -1 -3 31526
-28 -149 1057 7 0 -6 31556
-62 -157 1080 6 8 0 31584
-53 -212 1113 2 4 -9 31612
-70 -155 1134 4 6 -3 31643
-64 -210 1064 -3 2 -7 31670
-28 -169 933 -9 -7 -10 31701
-48 -147 859 -8 -8 -7 31732
-82 -165 993 10 -6 -4 31762
-94 -101 1043 25 -4 3 31792
-68 -63 906 4 2 1 31823
-40 -81 900 -20 1 -9 31848
-25 -39 948 -11 3 -7 31881
-28 -77 995 0 9 -2 31905
-64 -177 1086 7 7 -3 31933
-74 -170 1133 14 0 -7 31961
-48 -211 1059 -10 3 -4 31999
-78 -161 994 -13 -1 -10 32022
-80 -224 886 -1 -14 -9 32058
-106 -229 998 31 -16 -4 32088
-81 -191 954 30 -13 0 32121
-27 -97 867 0 -13 -6 32150
-5 -29 920 -13 0 -8 32179
3 -53 970 -7 6 -2 32208
-26 -36 971 0 11 -3 32232
-25 -71 1023 -4 9 -2 32261
-47 -91 1182 5 8 -5 32291
-57 -99 1071 -5 11 3 32318
-51 -126 958 -23 5 -7 32348
-48 -133 969 -12 -1 -9 32378
-53 -255 1009 6 -4 -5 32409
-81 -245 984 25 -10 -5 32439
-97 -188 1094 20 -3 -5 32477
-91 -145 1137 9 0 -4 32500
-58 -74 960 -9 0 -6 32530
-33 -73 839 -18 -1 -8 32559
-7 -141 906 -3 -6 -5 32589
-38 -144 1076 32 -1 1 32618
-69 -59 1098 16 1 3 32648
-37 -41 991 -27 -1 -10 32677
-3 -46 1004 -24 1 -12 32708
-1 -154 966 -2 8 -1 32737
-13 -204 1067 16 -3 -4 32766
-16 -133 1136 16 -3 -3 32798
10 -182 1034 -13 4 -5 32828
22 -147 981 -5 -2 -12 32858
18 -113 931 2 4 -1 32889
-13 -182 968 -5 -4 -7 32916
-13 -149 998 9 -9 -10 32945
-20 -115 1111 17 2 -1 32976
-33 -75 1101 -9 3 -6 33012
14 -71 1038 -11 4 -7 33039
0 -129 1026 3 7 -5 33064
0 -162 1006 5 5 1 33092
-7 -158 972 -2 -1 -1 33115
-32 -111 921 -6 -3 -3 33147
-12 -170 890 -5 -9 -6 33177
-34 -175 1012 21 -12 -8 33206
-41 -101 1079 13 -2 0 33241
12 -58 993 -16 -3 -10 33271
39 -51 988 -14 -2 -11 33297
45 -143 1059 7 8 0 33331
24 -143 1121 10 1 -3 33355
44 -98 1106 0 -1 -4 33386
16 -119 1005 -12 9 -4 33414
18 -154 946 -10 -1 -4 33444
14 -108 923 6 -4 -3 33474
-8 -138 914 0 -3 -4 33503
36 -178 939 -4 -9 -10 33531
22 -89 1032 13 2 -5 33564
-23 -132 1130 6 9 -3 33589
8 -66 1054 -10 2 -7 33621
22 -64 977 -12 3 -6 33643
8 -179 1065 1 2 -7 33673
-4 -196 1148 19 -3 -1 33701
-20 -131 1092 3 0 1 33734
-16 -165 1057 -12 -6 -13 33759
31 -162 967 2 -10 -10 33792
53 -197 924 6 -2 -2 33823
21 -179 993 9 -7 -8 33850
36 -115 1056 10 0 -5 33879
12 -95 1154 2 9 -3 33908
18 -62 1118 -5 5 -4 33933
72 -55 989 -15 3 -6 33963
48 -91 945 -12 4 -4 33991
53 -165 928 -4 -2 -3 34019
50 -153 984 16 -4 -3 34049
-5 -155 1125 6 4 -3 34093
32 -121 1069 -4 0 -8 34119
41 -85 1036 0 1 -6 34142
17 -150 972 -5 4 -4 34169
37 -191 928 -7 -9 -8 34193
47 -161 919 11 -11 -5 34219
-2 -183 1007 16 -2 0 34249
8 -136 1091 6 -7 -6 34278
12 -40 1104 6 -1 -4 34306
22 -74 1094 2 4 -4 34333
54 -133 1006 -7 -2 -7 34361
72 -114 895 1 -5 -6 34392
41 -137 952 6 -2 -1 34420
-3 -131 1004 1 -4 -4 34447
-15 -92 1025 6 2 -4 34476
-51 -82 1125 7 9 -1 34506
-69 -59 1067 -6 10 -1 34531
-61 -77 947 -20 0 -7 34565
-72 -96 960 -7 1 -8 34591
-76 -151 951 8 0 1 34627
-81 -139 940 8 -5 -2 34650
-74 -126 949 3 -6 -8 34676
-69 -125 1011 10 -4 -5 34705
-68 -195 983 7 -1 -5 34736
-59 -199 1010 9 -6 -13 34766
-55 -176 1069 11 -1 -4 34804
-56 -151 1030 4 1 -5 34828
-47 -116 957 -6 -5 -6 34857
-57 -120 1046 1 -2 -5 34888
-103 -122 1064 12 3 0 34917
-94 -118 1045 5 -2 -2 34948
-85 -38 1043 -2 1 -2 34978
-81 -65 962 -12 0 -4 35006
-35 -98 1003 -4 -9 -7 35036
-42 -108 975 10 0 0 35067
32 -202 1048 8 -9 -5 35094
24 -124 1215 19 5 -12 35123
-2 -140 1167 10 10 -1 35157
55 -92 1232 5 7 -11 35188
-6 -63 1202 -7 14 -2 35213
-12 -146 1160 -15 15 -5 35241
-24 -55 1157 -3 13 -7 35273
-111 3 1178 -18 33 6 35304
-129 -55 1018 -38 21 -1 35332
-123 -55 863 -23 17 -8 35365
-96 -111 776 -1 22 1 35396
-118 -176 742 4 11 7 35426
-155 -204 668 6 1 0 35454
-159 -233 684 11 -11 -10 35483
-178 -200 804 22 -14 -8 35515
-115 -203 838 4 -18 -6 35553
-119 -216 917 21 -29 -20 35580
-74 -210 957 33 -14 -8 35613
-103 -124 1021 11 -11 -4 35643
-147 -43 1118 -18 -11 -5 35683
-177 -50 1147 -10 -8 -3 35710
-162 -19 1106 -1 -14 1 35743
-133 -27 1036 -5 -15 1 35774
-84 -40 921 -18 -19 -5 35807
-54 -67 855 -18 -22 -8 35834
-11 -129 771 4 -25 -11 35869
20 -149 708 20 -27 -9 35898
48 -173 689 25 -30 -7 35928
70 -156 762 29 -27 -6 35959
89 -70 916 29 5 7 35988
61 -65 1152 4 29 -1 36016
43 -42 1263 -17 22 -10 36042
58 -70 1150 -24 9 -14 36075
69 -112 1088 -20 10 -12 36102
-2 -211 1127 1 12 -1 36139
-92 -183 1283 18 9 0 36166
-129 -118 1306 4 5 2 36198
-96 -61 1039 -16 12 -7 36225
-30 -122 903 -32 7 -13 36256
-45 -127 914 -8 9 -9 36286
-103 -163 954 15 12 3 36315
-114 -125 901 12 1 -1 36346
-106 -53 802 2 4 -8 36377
-91 -101 774 -1 6 -5 36404
-99 -127 790 3 8 -4 36431
-190 -137 898 11 24 -3 36461
-351 -198 1175 5 24 0 36494
-368 -189 1186 -3 16 -3 36521
-331 -158 1038 -7 0 -8 36556
-341 -148 1038 1 -8 -3 36585
-327 -192 1125 9 -14 -4 36617
-292 -275 1137 19 -24 -8 36655
-245 -195 1101 18 -14 -6 36683
-216 -126 970 -6 -4 -3 36715
-246 -139 965 -5 -6 -3 36753
-232 -157 978 12 1 -1 36778
-213 -141 936 10 10 -3 36809
-194 -78 825 -27 1 -7 36841
-190 -90 850 -28 0 -8 36868
-219 -79 937 5 8 1 36905
-217 -108 875 3 9 2 36931
-222 -88 880 -3 7 -2 36955
-224 -65 889 -7 3 0 36984
-235 -120 870 -8 5 -3 37012
-238 -151 914 1 -1 -6 37042
-245 -194 1044 15 3 -4 37073
-258 -245 1100 18 4 -6 37104
-303 -132 1064 2 4 -6 37134
-282 -122 970 -11 -2 -5 37165
-251 -171 857 -5 -12 -8 37200
-246 -227 858 15 -16 -10 37230
-235 -200 935 28 -9 -2 37266
-247 -124 943 8 1 -1 37294
-247 -104 914 -20 -5 -7 37324
-243 -130 974 -7 3 -11 37355
-252 -143 1010 25 7 -1 37388
-250 -69 944 1 4 -1 37418
-216 -89 914 -23 -7 -7 37450
-206 -121 945 -15 -7 -9 37475
-228 -139 996 15 3 -2 37511
-233 -120 947 -1 -3 -1 37540
-242 -112 926 -9 -8 -6 37572
-229 -162 910 -4 -4 -6 37601
-229 -168 933 12 -5 -6 37633
-221 -151 930 11 1 -4 37664
-209 -115 892 -13 1 -7 37696
-198 -117 905 -14 3 -7 37724
-238 -156 1077 8 3 -5 37759
-240 -129 1089 14 5 -2 37788
-201 -142 971 -10 1 -6 37822
-212 -157 946 -7 -1 -7 37849
-229 -238 947 13 1 -4 37881
-281 -250 992 25 0 -2 37912
-282 -196 947 14 -5 0 37941
-211 -188 841 -12 -11 -8 37971
-197 -175 902 -2 -13 -7 38006
-170 -178 935 17 -8 -5 38037
-169 -61 962 12 0 -1 38067
-191 18 922 -24 11 1 38097
-233 15 1006 -36 5 -4 38126
-252 13 1068 -5 8 0 38156
-197 -163 1035 11 4 -2 38185
-190 -180 1077 11 -3 -4 38216
-174 -276 1060 5 1 -12 38247
-127 -296 997 1 -4 -29 38279
-101 -193 832 -14 -5 -18 38310
-139 -226 809 7 -6 -4 38349
-205 -258 1007 41 4 10 38374
-288 -187 1093 36 3 8 38405
-272 -8 1037 -6 -2 9 38435
-226 73 1031 -35 7 -1 38463
-198 31 1004 -33 3 -4 38499
-143 -114 915 -13 1 -12 38525
-123 -231 946 16 2 -12 38557
-147 -246 1060 27 5 0 38592
-181 -178 1030 11 5 -1 38617
-166 -113 862 -28 5 -8 38652
-150 -155 850 -27 -13 -7 38678
-236 -201 896 26 -6 1 38715
-240 -199 1004 39 -9 2 38744
-234 -47 1084 13 -2 2 38776
-209 -59 1039 -23 2 -4 38805
-173 -81 997 -21 -4 -19 38836
-94 -197 871 0 -2 -10 38874
-115 -252 968 31 -1 -7 38901
-159 -133 1055 30 11 6 38930
-182 -65 936 -28 9 -2 38961
-162 -74 896 -57 -7 -8 38992
-174 -165 969 -1 -13 -13 39023
-121 -238 976 42 8 8 39055
-178 -161 1031 27 3 5 39085
-197 -12 1059 -10 1 -7 39116
-119 -106 871 -42 3 -10 39146
-95 -155 901 -24 3 -10 39180
-143 -296 1012 14 8 3 39210
