-232 -295 992 -9 -1 9 5
-222 -311 936 -8 -1 9 47
-217 -306 941 -2 -2 9 69
-217 -311 976 1 0 11 91
-219 -290 1019 2 2 14 114
-204 -272 1016 -6 3 15 137
-179 -290 1001 -7 -2 13 160
-181 -294 972 -7 3 12 187
-196 -281 969 -7 4 13 209
-175 -285 994 -4 1 12 232
-185 -278 1037 0 3 14 262
-176 -286 1056 -3 0 16 298
-184 -281 1074 -5 -1 16 319
-191 -298 1079 -3 -2 14 349
-175 -281 1061 -2 -3 13 380
-156 -278 1052 -2 1 12 411
-153 -272 1062 -3 0 13 439
-135 -270 1047 -1 0 17 468
-126 -288 1032 -1 1 18 498
-130 -277 976 -3 0 18 531
-133 -261 928 -9 -2 17 555
-151 -243 938 -4 -4 17 584
-161 -243 975 3 -7 18 611
-167 -217 998 -2 1 20 643
-182 -209 997 -10 1 19 668
-192 -227 983 -10 1 16 698
-169 -237 965 -5 -1 12 727
-164 -223 982 -4 2 12 757
-150 -236 1021 -4 3 13 784
-128 -248 1008 -8 3 17 814
-123 -263 972 -12 1 20 843
-123 -290 949 -7 -3 19 872
-126 -307 948 -4 -2 20 899
-135 -312 942 -8 -1 20 930
-144 -322 955 -9 -3 19 959
-137 -314 1001 -4 -4 19 989
-114 -295 1022 -6 -2 18 1018
-102 -310 1035 -11 2 15 1052
-120 -283 1026 -12 1 16 1077
-98 -286 999 -5 3 19 1114
-90 -301 996 -6 1 20 1139
-67 -324 1042 -2 -1 20 1168
-66 -349 1116 -1 -1 20 1203
-72 -334 1128 -5 0 19 1228
-77 -342 1130 -4 4 20 1257
-83 -313 1083 -7 1 20 1286
-89 -289 1079 -6 1 20 1316
-101 -266 1050 -6 0 22 1346
-93 -256 1032 -5 -1 23 1375
-100 -267 1008 -7 0 23 1405
-115 -253 998 -7 0 25 1436
-115 -278 1021 -1 -1 24 1465
-105 -277 1035 -1 0 21 1496
-82 -292 1024 -11 4 16 1526
-80 -256 997 -15 3 13 1556
-69 -277 956 -7 3 19 1591
-63 -299 970 -3 0 22 1614
-74 -321 1035 1 -2 25 1641
-70 -336 1098 2 -3 26 1671
-81 -320 1117 -7 0 22 1700
-99 -288 1057 -14 1 19 1728
-85 -276 1003 -12 2 19 1759
-92 -254 989 -4 2 23 1790
-58 -278 1018 -1 2 25 1818
-35 -301 1051 0 4 24 1844
-31 -336 1069 -4 4 23 1874
-34 -342 1025 -9 5 20 1904
-44 -347 981 -7 2 21 1932
-59 -324 983 -5 -3 22 1961
-75 -281 1004 -4 -4 24 1990
-84 -257 1044 -4 -5 27 2023
-87 -256 1051 -6 -1 27 2050
-78 -243 1065 -7 1 23 2080
-76 -282 1039 -8 7 20 2116
-78 -253 978 -14 7 19 2142
-90 -261 938 -10 7 21 2168
-102 -280 937 -4 -3 23 2196
-113 -296 965 -2 -5 26 2227
-113 -307 1026 -3 -9 26 2258
-88 -306 1053 -6 -4 23 2289
-66 -315 1065 -11 1 19 2318
-14 -302 1093 -5 0 14 2348
7 -277 1150 1 7 17 2379
50 -307 1164 -4 7 22 2404
45 -318 1156 -8 3 27 2430
30 -349 1114 -4 4 31 2460
-6 -369 1083 0 4 30 2488
-38 -355 1027 -3 2 27 2515
-52 -325 986 -4 6 27 2545
-66 -320 976 -4 -2 27 2570
-71 -291 1003 3 -2 29 2604
-82 -262 1013 -1 1 30 2629
-134 -215 998 -11 2 27 2665
-145 -229 992 -8 3 25 2689
-121 -243 941 -10 -1 19 2719
-125 -217 965 -9 3 19 2750
-116 -231 1007 0 4 21 2779
-82 -277 1040 -4 6 23 2814
-93 -296 1028 -12 6 23 2836
-110 -314 998 -12 2 24 2867
-88 -316 963 -7 0 24 2898
-90 -289 989 -7 -3 25 2927
-92 -287 970 -11 0 25 2955
-80 -265 914 -21 0 26 2984
-107 -281 921 -11 -4 29 3013
-130 -311 1008 8 -12 28 3044
-113 -330 1127 7 -5 26 3075
-86 -332 1175 -8 0 18 3106
-66 -311 1110 -20 5 14 3134
-58 -299 1050 -12 4 16 3165
11 -336 1026 0 -2 24 3201
24 -360 1051 -2 1 27 3223
-9 -365 1050 -9 0 30 3251
-33 -350 1033 -5 2 27 3281
-47 -352 1026 -1 -7 28 3306
-61 -325 1042 -5 0 30 3340
-91 -287 1076 -7 -3 29 3366
-122 -242 1083 -5 4 27 3401
-132 -232 1069 -9 5 22 3428
-134 -251 1092 -6 3 18 3458
-129 -245 1057 -2 7 19 3489
-114 -278 978 -15 5 22 3519
-108 -328 905 -12 0 23 3549
-107 -332 765 -13 -1 26 3579
-117 -303 877 -1 -12 31 3610
-94 -348 942 5 -16 31 3642
-76 -278 1061 -2 0 26 3670
-108 -225 1188 -18 -5 16 3700
-114 -274 1072 -22 18 5 3738
-146 -73 1067 -21 14 6 3761
-170 -232 1076 -10 14 15 3793
37 -512 1025 -7 -6 33 3827
-27 -539 1004 -15 1 32 3858
-98 -480 954 -19 -3 24 3889
-90 -456 932 -9 2 25 3913
-73 -426 903 10 6 23 3942
-94 -395 1040 -1 0 24 3971
-100 -369 1121 -8 -1 22 4000
-92 -380 1172 -4 10 20 4031
-120 -362 1194 -8 15 21 4061
-141 -406 1216 -1 3 20 4095
-148 -422 1202 -1 3 23 4122
-140 -431 1165 -4 -1 26 4154
-181 -419 1000 -10 -3 28 4184
-157 -368 882 -5 -1 24 4217
-206 -346 948 5 -18 33 4251
-193 -385 964 17 -13 33 4276
-159 -318 980 -1 -1 23 4308
-178 -246 937 -21 7 13 4339
-169 -210 836 -29 9 7 4368
-186 -256 825 -15 4 8 4397
-175 -148 816 -2 0 10 4427
-155 -230 860 1 1 22 4456
-123 -321 931 -6 -6 26 4487
-137 -441 940 -12 -4 28 4514
-108 -521 989 -13 -4 18 4544
-113 -554 1062 -5 -1 13 4577
-79 -531 1119 -5 1 12 4607
-102 -504 1128 -10 4 18 4637
-114 -493 1139 -4 0 22 4667
-126 -498 1166 5 -2 25 4698
-127 -491 1171 -2 -1 24 4728
-117 -476 1140 -9 -1 22 4762
-99 -460 1093 -4 2 21 4794
-113 -451 1041 -4 2 25 4818
-89 -453 970 -9 1 21 4852
-112 -444 963 -7 2 22 4876
-120 -443 971 -2 1 23 4907
-105 -440 949 -3 0 23 4936
-122 -430 935 -12 -1 23 4965
-107 -430 913 -11 1 21 4996
-125 -433 913 -6 3 24 5027
-139 -451 969 -2 2 23 5055
-129 -447 1009 -4 0 21 5085
-131 -472 1038 -9 0 21 5115
-131 -455 1021 -11 0 22 5146
-129 -464 1000 -8 -2 21 5176
-135 -480 1011 -4 -2 22 5209
-107 -480 1055 -2 -2 21 5239
-112 -482 1039 -8 -3 22 5271
-115 -457 1040 -10 -2 21 5301
-103 -473 990 -2 0 21 5339
-94 -461 1027 0 0 19 5361
-111 -469 1110 6 2 18 5391
-96 -446 1078 -7 0 18 5420
-102 -430 1039 -14 1 18 5449
-113 -445 1032 -2 1 20 5479
-120 -434 1035 3 1 21 5511
-122 -422 1071 -6 2 18 5539
-126 -429 1043 -9 0 18 5570
-115 -404 976 -9 3 19 5599
-142 -404 997 -5 2 19 5629
-157 -415 994 -1 2 19 5659
-167 -407 1039 3 5 17 5687
-152 -380 1012 -8 2 13 5726
-140 -368 987 -9 4 13 5749
-155 -353 966 -7 -3 11 5775
-160 -338 965 -2 -4 13 5806
-175 -332 1028 7 -7 15 5836
-176 -294 1020 1 -6 13 5871
-165 -254 1035 -5 -2 12 5896
-170 -234 1013 -6 -2 11 5927
-180 -248 997 0 0 11 5959
-170 -241 1009 2 -1 6 5986
-169 -238 1035 1 0 6 6016
-149 -265 1031 0 1 7 6042
-163 -272 1019 -1 1 8 6074
-189 -264 1031 0 -1 8 6099
-245 -257 987 -4 -1 9 6136
-238 -287 984 -2 -1 9 6157
-225 -272 959 -5 -3 6 6189
-227 -265 960 -5 -3 7 6218
-224 -235 948 -5 -2 7 6246
-219 -245 938 0 0 8 6275
-225 -216 944 -3 -1 4 6304
-236 -230 989 2 1 4 6330
-237 -249 1031 7 4 1 6359
-242 -218 1069 -2 7 1 6393
-248 -216 1062 -6 2 0 6415
-251 -216 1010 -6 0 2 6445
-243 -232 991 2 -4 2 6474
-249 -223 976 3 -7 4 6502
-231 -199 990 -1 -5 4 6532
-234 -191 966 -5 -5 5 6558
-245 -166 938 -7 -5 4 6588
-265 -153 919 -5 -4 3 6618
-271 -143 952 1 -4 1 6648
-281 -157 962 1 0 0 6674
-294 -160 973 -3 6 -3 6702
-276 -166 990 -5 3 -5 6732
-291 -158 991 0 1 -5 6761
-284 -163 957 -1 2 -3 6787
-280 -217 966 -2 -1 -2 6818
-273 -226 968 0 -5 0 6847
-263 -216 963 -1 -3 1 6876
-254 -199 988 -2 -3 0 6905
-270 -192 994 0 -2 1 6940
-246 -219 1011 -2 -3 0 6962
-265 -229 1033 2 0 -1 6992
-260 -208 1001 -5 0 -1 7022
-240 -220 978 -7 2 -1 7051
-223 -227 925 -5 -2 -1 7081
-203 -239 911 4 -3 1 7111
-232 -235 969 8 -4 3 7139
-229 -268 998 7 -3 2 7165
-243 -235 1029 0 -1 1 7196
-255 -211 1044 -4 0 -2 7224
-266 -187 1017 -3 0 -3 7254
-241 -170 962 -7 -2 -4 7285
-239 -186 1002 3 0 -1 7315
-234 -189 1004 6 -2 1 7343
-229 -176 980 -1 0 1 7373
-232 -183 943 -9 2 2 7400
-241 -197 954 -2 0 2 7429
-248 -204 969 8 -7 0 7461
-262 -188 967 4 -1 -2 7490
-254 -161 1026 -2 0 -4 7518
-245 -140 1019 -3 -2 -3 7544
-227 -122 945 -5 2 -2 7578
-220 -153 953 -2 1 -2 7603
-185 -181 951 6 -2 -1 7636
-171 -197 952 3 -2 -2 7663
-178 -167 958 2 0 1 7692
-171 -156 1013 3 -6 0 7719
-167 -152 1040 4 -1 0 7752
-173 -108 1054 0 2 0 7778
-189 -59 991 -16 0 -1 7806
-171 -68 1025 -5 0 -1 7835
-153 -75 1076 9 -3 -3 7862
-156 -80 1058 2 6 -3 7895
-151 -66 1042 -11 10 -3 7920
-155 -123 1000 -8 5 -4 7954
-170 -165 942 -1 8 -1 7986
-202 -167 986 2 7 0 8010
-209 -196 1035 7 -10 -2 8038
-220 -159 1059 4 -7 -1 8069
-232 -100 1042 -7 -2 1 8100
-216 -75 957 -14 -6 1 8130
-160 -69 1039 4 -5 -4 8159
-129 -114 1015 10 -5 -6 8188
-123 -49 1024 -1 8 -2 8220
-137 -86 1025 -3 5 -2 8248
-124 -117 957 -3 3 1 8277
-131 -148 919 -1 3 0 8306
-149 -152 878 -3 -5 -2 8334
-164 -121 919 2 -10 0 8364
-161 -128 989 11 -6 0 8393
-172 -72 1008 5 -2 0 8422
-181 -63 1068 -1 3 -4 8451
-193 -88 1027 -8 6 -5 8478
-172 -79 944 -6 5 -4 8515
-172 -106 961 2 2 -6 8536
-160 -115 964 7 -6 -3 8566
-145 -97 1039 9 -6 1 8593
-152 -90 1010 -3 -4 3 8622
-169 -67 999 -6 0 3 8651
-171 -107 1015 0 0 0 8677
-168 -97 983 3 -1 -2 8706
-162 -91 1040 1 1 -6 8734
-149 -112 1066 2 2 -6 8762
-151 -55 970 -13 9 0 8792
-154 -101 957 -12 5 -1 8820
-165 -131 952 7 -2 2 8849
-164 -126 942 8 -12 -1 8876
-193 -126 1040 4 -8 1 8911
-190 -107 1024 0 -7 -1 8935
-166 -68 1012 -9 6 -5 8969
-164 -98 1031 -3 6 -7 8995
-151 -71 993 2 5 -3 9028
-137 -106 1050 5 4 -3 9054
-140 -130 1079 7 -1 -1 9082
-133 -123 1015 -6 -2 0 9113
-145 -119 960 -11 -1 0 9141
-138 -139 961 0 -7 0 9172
-152 -89 937 5 -9 2 9200
-152 -88 1026 6 0 0 9228
-159 -72 1042 3 2 0 9259
-167 -43 992 -11 5 -2 9280
-165 -62 1002 -10 7 -7 9310
-166 -81 948 3 0 -5 9349
-125 -114 1011 8 2 -4 9372
-136 -103 1097 10 -3 -3 9397
-138 -85 1053 -6 -3 2 9428
-132 -76 1067 -8 -1 0 9458
-136 -85 1043 2 -3 -2 9486
-121 -47 999 1 0 -5 9515
-95 -71 1023 -1 4 -6 9541
-77 -53 989 -2 1 -4 9576
-71 -46 984 -3 1 -2 9599
-79 -77 1033 5 4 0 9625
-91 -59 1028 1 -1 1 9649
-98 -47 1046 0 -1 0 9678
-113 -23 980 -7 -2 0 9704
-106 -29 982 -4 -1 0 9731
-99 -42 1004 4 -3 -1 9761
-65 -55 1031 7 -5 -5 9789
-71 -18 1004 -6 4 -2 9817
-43 -42 983 -6 0 -3 9845
-39 -63 979 2 0 -3 9870
-61 -36 953 4 0 0 9899
-73 -27 1037 8 -1 3 9924
-46 -72 1071 7 -2 1 9948
-58 19 1040 -5 -3 1 9977
-76 12 1060 -7 0 -2 10004
-67 23 953 -14 -1 -3 10032
-39 -14 972 -5 0 -5 10060
-66 -41 962 1 -1 -2 10089
-49 -45 1040 6 -1 -1 10123
-60 -38 1031 -2 -1 0 10146
-31 -51 966 -11 4 -2 10175
-52 -64 1040 7 -2 -9 10205
-63 -47 971 4 -1 0 10234
-14 -29 1016 -5 3 -2 10261
-65 -46 1052 2 -2 -1 10288
-28 -12 1009 0 -11 2 10322
-28 -8 1031 -1 -3 3 10346
-35 -7 1044 0 -11 -1 10376
9 25 990 -4 -7 0 10405
42 16 1017 1 9 -7 10431
18 32 1044 4 0 -5 10455
30 6 1091 9 1 -3 10483
29 47 1083 3 2 3 10505
41 22 982 -15 7 -1 10533
-2 -8 1000 -1 4 -5 10559
1 -69 1037 7 -1 -3 10585
12 9 965 0 -4 1 10614
16 13 1051 0 1 1 10641
-12 -13 1099 3 -3 2 10664
7 23 1048 0 3 3 10691
-3 43 1005 -9 5 2 10713
-26 9 1017 -9 5 -4 10741
-11 -11 988 -6 -2 -6 10765
-7 -42 1049 6 0 -1 10798
2 -5 1056 4 -4 -2 10822
15 -24 1055 -4 -1 0 10853
-3 -48 1076 0 2 -1 10878
28 -14 1045 2 -2 -5 10903
11 3 950 -9 1 -1 10939
7 -31 939 -8 -4 -1 10962
-14 -33 967 3 -3 3 10984
-2 -44 1021 16 -12 5 11012
-10 2 1022 2 -5 4 11044
-16 18 1058 -5 1 -1 11068
-3 -12 1044 -5 0 -7 11093
-2 14 1053 4 2 -8 11123
33 9 1040 3 7 -6 11149
62 -26 1004 -8 2 -1 11179
50 -52 1002 -8 -2 1 11200
9 -46 1028 12 -5 4 11230
50 -32 1012 5 -13 2 11258
42 4 1026 -8 -1 3 11285
21 2 1041 -6 -2 0 11310
30 15 1045 4 -1 -3 11337
23 31 1059 1 4 -1 11365
29 29 1056 -5 7 3 11389
24 16 997 -13 2 1 11417
19 -3 971 -9 4 0 11441
26 -33 1024 5 -5 -3 11468
42 -38 1076 13 -5 -1 11495
82 -28 1068 -3 1 1 11525
64 -42 1059 -9 5 -1 11550
57 -50 1011 -9 5 -3 11580
40 -33 975 3 1 -1 11608
66 -64 1058 11 -8 -1 11634
66 -33 1105 8 -5 2 11661
32 19 1107 -4 6 9 11690
19 55 1023 -14 3 4 11720
4 -36 1010 -2 -3 -1 11743
9 -36 998 4 0 -2 11769
8 -24 1020 5 -1 0 11796
30 -47 1025 1 1 0 11820
26 -33 1017 -3 0 0 11848
21 -36 1054 1 0 1 11874
13 -33 1070 3 -1 2 11900
16 -12 1088 2 -2 3 11928
4 -20 1093 -5 2 4 11955
2 -21 1064 -8 0 2 11980
-6 -30 1039 -6 2 1 12007
-7 -53 1047 0 1 1 12034
-4 -68 1040 3 0 1 12059
-17 -107 1074 0 4 3 12086
-34 -125 1073 0 2 2 12115
-45 -135 1029 -3 4 2 12143
-56 -150 1010 1 2 1 12171
-59 -155 964 -1 3 1 12198
-35 -160 924 -5 1 2 12229
-5 -161 1036 11 -6 1 12261
7 -143 1085 9 -2 5 12283
-21 -51 1063 -13 5 12 12313
-54 -85 1109 -5 -2 9 12342
-74 -60 1063 -1 -5 6 12375
-44 -32 1034 -12 4 2 12401
-68 -49 1038 -6 1 1 12430
-42 -75 1018 -1 2 3 12456
-9 -100 988 -5 6 7 12486
-10 -153 995 -4 0 7 12512
-1 -195 987 0 -1 6 12541
-10 -209 986 -3 3 6 12565
-70 -211 1001 -4 3 9 12602
-63 -205 1025 -1 0 8 12624
-75 -202 1040 0 2 11 12655
-93 -212 1070 -5 0 11 12683
-102 -220 1063 -7 -2 8 12713
-94 -243 1069 -2 -2 7 12745
-80 -247 1076 -1 2 8 12784
-58 -254 1072 -5 2 9 12808
-46 -262 1068 -3 2 9 12831
-32 -265 1048 0 1 10 12861
-33 -266 1032 -3 2 12 12892
-39 -252 998 -4 -1 13 12921
-46 -250 999 -3 0 15 12952
-60 -241 1008 -1 -1 16 12980
-70 -225 1023 -3 -1 15 13012
-62 -220 1012 -6 1 13 13043
-41 -219 1010 -5 4 10 13073
-42 -232 1031 0 5 9 13103
-47 -223 1106 5 6 11 13132
-53 -213 1084 -6 4 14 13160
-63 -203 1010 -14 4 16 13190
-80 -221 947 -5 -1 17 13222
-83 -233 985 5 -5 19 13253
-91 -219 1028 2 -6 19 13281
-94 -188 1059 -9 -1 16 13317
-83 -188 1040 -11 0 14 13342
-73 -176 997 -9 1 12 13375
-55 -187 1005 -3 5 13 13401
-24 -205 1029 -2 6 18 13435
0 -226 1048 -4 1 20 13464
12 -248 1046 -4 1 18 13489
-13 -253 1043 -5 1 20 13520
-50 -261 1010 -8 0 22 13551
-83 -276 992 -5 -2 24 13581
-102 -287 1009 -2 -2 25 13611
-128 -307 1039 -5 2 26 13645
-136 -325 1022 -7 4 26 13674
-144 -365 1015 -7 7 27 13706
-165 -410 998 -7 10 28 13737
-173 -456 978 -4 9 28 13768
-175 -516 980 -4 7 28 13797
-191 -500 1006 -2 2 27 13828
-189 -481 1002 -7 -4 25 13865
-188 -428 991 -10 -3 25 13892
-183 -392 1011 -6 -4 25 13923
-156 -413 1009 -5 2 24 13957
-149 -386 1005 -11 7 26 13987
-108 -421 1033 -3 5 25 14024
-96 -427 1043 -2 2 28 14051
-94 -435 1080 -5 -2 28 14082
-85 -404 1068 -7 -3 27 14112
-85 -357 1045 -12 -2 29 14143
-89 -335 1087 -4 -3 30 14175
-59 -318 1060 -6 -3 29 14207
-47 -316 978 -22 5 31 14240
-50 -325 942 -18 1 31 14266
-32 -338 927 -2 -5 30 14300
-26 -342 1027 1 -6 29 14330
-7 -342 1064 -2 -2 28 14356
13 -329 1062 -15 4 28 14394
32 -337 1058 -8 2 24 14424
38 -338 1047 -5 2 26 14447
52 -338 1104 -4 1 31 14479
46 -339 1107 -5 2 33 14505
47 -351 1088 -9 3 36 14536
72 -380 1086 -7 2 37 14564
72 -384 1048 0 2 32 14593
49 -375 1048 -2 1 32 14622
54 -349 1050 -7 5 30 14654
21 -299 1029 -6 0 33 14680
3 -277 1035 -4 2 37 14709
-36 -264 1054 -8 2 39 14737
-57 -280 1027 -12 2 39 14768
-54 -270 1020 -11 1 35 14798
-52 -290 1055 -8 -1 28 14830
-44 -303 1083 -13 5 27 14860
-38 -286 1075 -16 9 29 14892
-58 -330 1035 -17 9 33 14929
-69 -365 1024 -13 9 37 14952
-63 -474 1012 -16 0 42 14987
-55 -540 1039 -16 -1 40 15018
-52 -582 1067 -13 -1 36 15049
-39 -577 1080 -14 -1 33 15081
-25 -555 1089 -11 2 33 15115
2 -551 1063 -10 2 33 15146
17 -540 1025 -16 1 37 15173
28 -528 931 -23 1 37 15205
23 -534 864 -22 1 40 15232
16 -557 1003 5 -1 41 15265
24 -569 1108 13 -1 45 15289
35 -595 1195 -6 0 41 15321
25 -607 1168 -22 -1 35 15351
60 -565 1017 -19 4 31 15385
60 -556 1017 -7 0 38 15410
56 -531 1082 -2 1 40 15446
66 -533 1134 -3 0 42 15470
74 -524 1143 -13 -3 42 15499
89 -532 1085 -18 -5 41 15530
93 -534 1050 -7 1 40 15564
122 -534 1053 -7 2 40 15589
151 -538 1087 -13 1 41 15623
159 -532 1077 -15 -3 40 15653
148 -544 1071 -15 -3 42 15685
132 -544 1103 -8 -4 43 15722
138 -559 1101 -6 -5 42 15746
153 -530 1096 -13 -4 42 15779
170 -532 1087 -11 -1 40 15814
184 -532 1095 -7 0 42 15844
193 -524 1104 -13 0 40 15874
185 -512 1090 -12 0 38 15905
183 -504 1046 -12 -1 40 15936
153 -496 1052 -6 1 40 15974
133 -490 1077 -1 0 41 15997
109 -474 1053 -12 0 39 16031
81 -469 1050 -11 1 37 16060
49 -476 1066 -4 2 41 16091
32 -473 1073 -6 0 38 16120
33 -494 1065 -12 1 36 16146
25 -520 1045 -15 3 34 16180
13 -528 1038 -7 2 34 16210
9 -528 1051 -5 3 34 16237
-12 -499 1105 -3 2 29 16272
-16 -481 1087 -4 2 25 16294
-28 -434 1045 -8 -5 28 16329
-27 -404 1061 -2 -6 29 16355
-32 -357 1039 0 1 29 16390
-50 -317 983 -15 2 30 16418
-73 -326 987 -6 -2 27 16448
-89 -312 955 5 -4 28 16478
-92 -309 1038 5 0 25 16511
-125 -322 1084 4 3 20 16540
-113 -325 1044 -1 3 16 16565
-118 -304 941 -15 8 15 16599
-103 -305 918 -7 -2 13 16629
-93 -261 912 -2 -10 16 16660
-98 -236 1060 9 -12 19 16691
-94 -209 1105 3 -9 19 16722
-136 -131 1064 -20 -2 20 16753
-193 -203 1064 -20 2 12 16788
-184 -183 1066 0 4 6 16818
-199 -177 1088 1 21 6 16847
-159 -279 1121 -12 19 4 16878
-145 -370 1085 -11 17 7 16910
-113 -495 1011 -11 2 17 16942
-159 -497 1035 8 -1 11 16976
-191 -428 1032 0 -17 13 17006
-149 -384 1014 -8 -3 13 17042
-140 -310 1008 -6 -8 12 17070
-134 -284 1066 13 -5 14 17102
-188 -203 1024 -3 2 12 17136
-221 -222 1028 -7 1 8 17166
-226 -207 949 -5 -5 6 17196
-214 -195 885 -3 -3 5 17226
-211 -201 941 5 -6 4 17255
-203 -184 992 11 -11 5 17286
-180 -164 994 1 0 4 17316
-195 -167 1085 3 4 1 17344
-203 -166 997 -9 5 -2 17374
-249 -137 971 -12 11 2 17407
-252 -178 1016 0 1 0 17435
-254 -181 941 1 -4 2 17463
-241 -205 986 -3 -3 3 17493
-243 -210 944 -4 -7 2 17524
-231 -219 944 -2 -2 2 17553
-239 -222 947 1 3 1 17587
-251 -189 936 -2 3 -1 17613
-260 -222 1019 7 2 -1 17642
-247 -228 1073 15 6 0 17672
-256 -211 1055 -2 6 -3 17702
-269 -175 1048 -13 4 -3 17734
-244 -230 948 -11 0 -2 17765
-281 -172 899 2 -6 5 17797
-262 -214 971 12 -18 5 17826
-237 -178 944 4 -17 7 17858
-265 -161 988 0 -6 8 17887
-270 -166 926 -7 0 1 17916
-261 -200 930 -1 4 -7 17946
-274 -156 906 -3 7 -10 17976
-264 -213 1001 5 9 -9 18007
-262 -193 1036 8 4 -6 18037
-244 -200 1028 -4 5 0 18068
-260 -230 1006 -5 -2 3 18102
-249 -242 927 -2 -1 2 18133
-272 -257 1015 7 -1 4 18159
-246 -232 982 6 -5 2 18189
-263 -196 933 -11 1 3 18219
-271 -205 942 -8 2 0 18249
-279 -185 906 -4 -3 0 18275
-293 -175 975 10 0 0 18309
-313 -152 1053 5 -2 -2 18338
-302 -138 1072 -2 3 -2 18367
-283 -153 1022 -13 4 -6 18399
-282 -159 1040 0 7 -4 18434
-284 -182 975 4 4 -1 18462
-264 -231 969 -5 5 0 18490
-266 -251 984 -1 -3 1 18519
-270 -217 905 -5 -4 2 18550
-269 -237 983 4 -2 0 18580
-281 -194 922 1 -4 -2 18609
-302 -188 1024 4 -2 -2 18643
-297 -171 1050 7 1 -2 18671
-301 -139 1007 -4 2 -3 18700
-279 -122 951 -10 8 -3 18732
-254 -163 922 -5 0 -4 18763
-241 -148 863 5 -5 1 18796
-239 -159 916 9 -11 4 18820
-212 -174 925 5 -13 1 18852
-252 -120 1014 1 -5 0 18885
-247 -107 992 -2 -2 -3 18911
-235 -80 972 -6 4 -8 18946
-220 -87 977 -3 4 -10 18972
-206 -99 1024 6 7 -7 19005
-210 -64 1019 2 7 -2 19031
-187 -131 975 -4 2 0 19067
-203 -150 940 -8 -2 1 19088
-204 -158 942 -1 -3 0 19120
-226 -171 1028 14 -5 -1 19153
-252 -105 990 -4 -1 -1 19187
-245 -79 1007 -13 3 -2 19214
-258 -60 951 -9 1 -3 19245
-228 -86 969 2 0 -5 19275
-235 -98 1046 11 -1 -5 19302
-208 -81 1046 4 -6 -3 19334
-195 -85 959 -15 2 -1 19364
-201 -96 959 -8 -3 -3 19395
-206 -134 945 8 -3 0 19424
-198 -149 1072 19 -3 -3 19453
-183 -90 1015 -7 1 -3 19486
-182 -76 1014 -15 6 -4 19516
-189 -102 929 -5 3 -3 19547
-167 -105 900 7 -2 -4 19577
-164 -115 991 14 -6 -1 19608
-155 -98 989 2 -7 2 19641
-177 -43 938 -14 -1 3 19665
-199 -82 963 -6 -1 -2 19703
-198 -53 954 0 -7 -2 19726
-176 -69 1081 19 -4 -5 19756
-159 -37 996 -4 0 -5 19787
-121 -36 1032 -13 9 -4 19816
-108 -66 980 2 2 -6 19850
-89 -55 915 -1 2 -3 19874
-105 -76 1041 7 2 -1 19903
-117 -130 1109 15 -2 3 19933
-132 -11 984 -17 9 4 19971
-164 -56 1052 -6 10 1 19994
-170 -42 968 -7 -13 -4 20023
-131 -47 1063 12 2 -4 20054
-129 -52 1030 1 -5 -5 20085
-112 -21 983 -13 4 -3 20114
-134 -45 997 -8 1 -4 20145
-117 -57 996 10 -5 -2 20174
-97 -49 989 1 -2 0 20205
-92 -49 1080 5 -2 -4 20237
-94 -15 973 -9 -4 -3 20259
-70 -38 969 -12 8 -1 20293
-108 -51 980 2 -2 -1 20319
-83 -82 989 11 -6 0 20348
-91 -47 956 -6 -1 1 20377
-82 -54 954 -6 -3 -1 20402
-96 -77 906 1 -2 -1 20434
-63 -61 932 2 -3 -2 20462
-86 -82 1060 16 -3 -2 20489
-78 -10 1073 0 -4 -4 20519
-78 19 1119 -6 9 -3 20550
-94 15 1056 -7 2 -2 20577
-76 -15 990 -7 4 -1 20605
-70 -40 978 -6 3 0 20632
-96 -62 1020 4 -4 2 20660
-64 -68 1015 2 -7 1 20688
-76 -44 988 -8 -1 0 20719
-89 -41 1003 -7 3 -3 20744
-91 -55 995 0 6 -4 20778
-95 -59 1054 7 8 -3 20799
-98 -50 1078 3 4 -5 20828
-95 -59 1060 -10 3 -3 20857
-103 -89 1040 -7 2 -1 20887
-106 -104 997 4 -3 0 20916
-105 -103 995 3 -9 1 20946
-88 -95 1016 -2 -12 0 20976
-90 -54 1012 -2 -11 0 21005
-86 -25 1027 2 -3 0 21035
-67 -4 1026 -2 1 -3 21064
-68 6 1017 -5 6 -4 21092
-62 -18 1017 -4 10 -2 21117
-48 -54 1023 4 8 -3 21149
-43 -80 990 4 5 -1 21176
-42 -104 975 -4 -1 -1 21204
-27 -109 940 -5 -9 -2 21234
-43 -74 963 1 -11 -1 21264
-44 -40 1026 7 -7 1 21297
-42 5 1079 4 -1 0 21323
-41 48 1078 -6 3 -1 21345
-46 22 1015 -13 5 -2 21375
-53 31 1029 -2 6 -2 21405
-17 -14 1056 13 1 -4 21433
33 -44 1047 4 1 -2 21462
62 -59 1033 -5 -3 -2 21487
58 -60 995 -5 -4 -4 21517
47 -22 948 -5 1 1 21547
18 -53 1011 2 -4 2 21572
4 -52 1045 6 -8 0 21597
-14 -8 1067 0 2 3 21625
-50 11 1125 -6 3 1 21651
-46 17 1118 -7 0 -2 21676
-29 35 1048 -10 5 0 21712
-14 0 1057 -4 3 -5 21734
18 -33 992 2 1 -1 21762
49 -67 976 -2 0 1 21786
76 -127 1056 6 0 0 21813
62 -146 1025 6 0 3 21845
39 -160 1020 -6 5 2 21869
40 -175 1068 4 1 -1 21894
3 -136 1048 5 -5 0 21924
-17 -91 1030 -10 -2 4 21951
-30 -61 1044 -5 -6 3 21980
-10 -13 1033 0 -13 4 22010
21 0 1064 2 -2 4 22039
26 18 1095 2 -4 2 22068
44 -14 1078 -1 0 2 22090
18 -11 1033 -9 9 5 22117
20 -36 998 -11 7 3 22142
43 -94 1022 7 4 -2 22172
59 -102 1032 8 0 1 22198
53 -108 1046 -2 3 5 22224
34 -129 1059 -2 -1 2 22259
43 -115 1043 1 -2 3 22281
32 -81 1019 -5 0 4 22310
18 -76 1064 -1 0 2 22338
18 -38 1058 5 -1 4 22368
28 -6 1035 -3 0 6 22391
13 -21 1024 -7 2 2 22417
5 -41 997 -6 1 4 22443
-10 -37 982 -1 -2 4 22470
-25 -40 1006 0 -3 6 22498
-19 -53 1006 -3 -5 4 22526
-32 -73 1023 -2 -2 6 22555
-31 -77 1049 3 -3 4 22584
-43 -83 1041 2 1 3 22611
-71 -119 1041 -4 6 3 22639
-86 -177 1031 1 4 3 22668
-103 -234 1020 5 3 5 22696
-133 -253 1042 5 1 6 22726
-123 -254 1049 -1 -7 -1 22754
-129 -194 1057 -2 -4 -1 22787
-139 -125 1042 -2 -5 1 22819
-141 -54 1058 -2 0 4 22853
-141 -73 1060 -2 2 4 22877
-153 -48 1003 -5 5 6 22914
-155 -96 999 -4 6 4 22937
-142 -142 919 -7 3 1 22965
-139 -154 913 -4 -2 1 22995
-150 -171 942 6 -7 2 23025
-143 -140 939 4 -9 3 23054
-160 -108 960 -6 -4 4 23083
-162 -96 971 -4 -3 0 23113
-147 -111 953 -2 3 -4 23142
-150 -87 1036 7 7 -5 23173
-131 -121 1046 3 7 -3 23202
-139 -174 1047 -6 9 4 23232
-169 -232 1028 1 5 7 23262
-208 -274 996 5 -3 8 23292
-243 -298 1006 2 -6 7 23321
-252 -299 1042 1 -12 1 23350
-271 -241 1040 1 -6 0 23381
-281 -189 1068 1 -2 -2 23412
-248 -149 998 -9 2 -4 23453
-249 -170 981 -8 5 -2 23475
-256 -178 932 0 6 3 23503
-255 -217 888 -1 3 4 23532
-280 -253 923 -1 0 5 23560
-287 -273 948 7 -5 4 23590
-302 -251 944 1 -5 3 23619
-300 -247 899 -8 -3 -2 23649
-303 -236 912 -4 -3 -2 23679
-296 -232 938 6 0 -2 23710
-303 -233 980 5 0 0 23739
-298 -229 1008 -4 -2 -2 23768
-294 -232 960 -9 -3 -1 23800
-285 -250 960 0 0 0 23831
-298 -266 1009 13 -1 1 23862
-277 -261 1055 8 -2 -1 23894
-274 -252 1079 0 0 -2 23922
-276 -254 1039 -1 2 -1 23957
-268 -257 1022 1 1 -1 23982
-264 -276 1006 4 2 0 24013
-268 -254 1020 4 1 2 24041
-269 -245 962 -4 0 1 24071
-283 -202 917 -12 0 2 24101
-299 -218 935 -2 -4 3 24131
-329 -182 861 -3 -2 3 24160
-370 -175 933 -1 0 3 24191
-354 -198 913 -4 -4 -1 24221
-343 -182 869 -8 0 -5 24250
-345 -177 894 -2 3 -4 24281
-305 -199 943 13 1 -4 24311
-289 -224 1013 13 3 -4 24343
-272 -278 1075 1 6 -3 24374
-261 -305 1075 1 5 -3 24401
-261 -322 1043 2 4 -1 24435
-282 -312 1041 5 0 0 24464
-294 -280 1002 -1 -6 1 24496
-322 -237 1022 -4 -10 4 24524
-326 -200 942 -4 -13 5 24556
-322 -147 844 -16 -16 4 24587
-316 -138 838 -14 -8 2 24619
-304 -134 795 -10 -8 0 24651
-295 -151 888 6 1 -1 24684
-299 -205 1006 19 0 -5 24710
-291 -176 1112 11 15 -15 24744
-361 -175 1173 -12 23 -11 24775
-258 -864 32505 -6 19 -2 24809
-287 -338 913 2 16 4 24846
-213 -412 929 3 0 0 24872
-213 -400 929 6 -6 2 24899
-209 -342 931 4 -19 5 24929
-287 -262 907 -6 -25 8 24962
-333 -237 918 -5 -20 9 24989
-418 -140 939 -11 -18 2 25027
-442 -59 1057 1 -9 -2 25054
-375 -77 1091 6 6 -13 25084
-332 -18 1066 -9 28 -19 25114
-273 -1 1060 -11 31 -12 25146
-198 -211 1045 3 16 -3 25181
-166 -352 939 14 20 6 25210
-236 -449 907 3 2 6 25241
-280 -448 913 1 -9 5 25272
-339 -388 937 -4 -24 7 25296
-374 -297 967 6 -19 10 25331
-392 -200 1026 4 -10 1 25360
-378 -130 1063 -2 -3 -8 25391
-345 -115 1000 -17 5 -14 25424
-339 -138 968 -14 14 -12 25457
-318 -130 922 2 12 -4 25491
-295 -236 939 9 7 0 25520
-301 -310 945 8 -7 2 25556
-323 -306 929 1 -11 5 25580
-322 -321 937 -1 -13 1 25605
-318 -275 986 7 -10 -3 25640
-322 -216 946 -2 -4 -3 25671
-304 -212 1002 0 -3 -2 25700
-298 -174 973 -1 -4 -3 25732
-274 -199 960 -4 3 -3 25768
-283 -206 991 -1 6 -3 25792
-289 -187 980 3 3 -1 25823
-288 -221 973 -2 6 0 25853
-284 -274 1037 7 5 -1 25882
-308 -258 987 1 2 -3 25912
-304 -276 1008 -5 7 -2 25941
-308 -245 934 -10 1 -2 25972
-318 -220 930 -4 -2 0 26003
-326 -193 923 3 -3 2 26036
-344 -174 965 1 -8 3 26061
-345 -165 960 -4 -3 1 26098
-326 -152 929 -9 -5 -2 26121
-317 -197 999 7 1 -5 26155
-327 -224 995 9 6 -5 26181
-316 -168 1024 4 5 -5 26211
-311 -176 958 -8 6 -2 26242
-262 -212 889 -13 -1 -1 26272
-249 -242 900 13 -2 0 26306
-251 -239 915 7 -8 0 26334
-245 -246 994 5 -7 -2 26364
-259 -176 921 -11 -7 0 26394
-257 -156 992 0 2 -1 26425
-229 -133 1008 11 -4 -8 26454
-214 -88 1007 2 2 -8 26487
-216 -78 1030 -6 8 -4 26515
-195 -114 985 -1 6 1 26545
-188 -152 991 8 3 1 26574
-230 -166 975 2 1 3 26604
-222 -178 1013 3 -5 2 26634
-220 -181 953 -3 -6 -2 26659
-237 -119 955 0 -4 -2 26694
-226 -107 952 1 -2 -3 26723
-236 -49 938 -6 -3 -2 26752
-225 -63 976 -3 -3 -3 26783
-225 -80 1002 4 -2 -4 26812
-234 -53 1033 9 5 -3 26843
-207 -77 977 -3 9 -4 26872
-182 -132 967 -7 -1 -7 26901
-180 -135 885 -1 -1 -3 26932
-183 -108 878 1 -5 1 26964
-178 -127 883 -4 -14 0 26993
-211 -82 1034 12 -13 4 27023
-195 -86 983 2 -9 1 27055
-176 -23 976 -13 6 -2 27084
-192 -57 953 0 3 -7 27120
-154 -65 934 7 10 -7 27141
-135 -126 1020 13 10 -8 27167
-127 -130 1011 2 0 -1 27205
-114 -128 996 -13 1 1 27235
-159 -137 1005 -4 -3 1 27263
-164 -145 1086 20 -14 -3 27294
-154 -29 1061 -8 -3 -3 27330
-169 1 1020 -21 9 -1 27359
-172 -41 943 -22 9 -1 27386
-191 -96 983 14 3 1 27420
-192 -101 1033 19 -1 -2 27445
-196 -95 992 -11 3 -2 27480
-210 -122 1045 -10 1 -7 27509
-218 -125 1009 6 -1 -3 27540
-202 -106 1048 7 -3 -3 27572
-163 -91 1091 1 -6 -3 27603
-159 -81 1023 -6 -3 1 27633
-151 -101 924 -5 1 0 27668
-151 -146 992 8 -1 -1 27697
-128 -125 956 7 -3 -2 27721
-151 -97 911 -9 2 2 27752
-178 -137 1006 1 0 -1 27781
-192 -130 981 6 -3 -1 27811
-191 -87 1041 0 1 -3 27840
-200 -82 1019 -5 3 -5 27870
-180 -63 974 -9 3 -2 27901
-150 -97 1001 0 3 -2 27930
-149 -104 1004 7 -4 1 27958
-165 -94 991 -3 3 4 27989
-176 -110 961 -8 -3 1 28018
-186 -155 976 3 -2 0 28047
-180 -122 998 6 -4 -4 28076
-183 -129 1098 10 1 -5 28106
-188 -74 1016 -9 3 -2 28137
-162 -42 936 -19 13 1 28167
-188 -123 962 -2 1 -2 28198
-196 -109 972 13 -8 1 28234
-183 -129 992 5 -5 1 28257
-169 -109 900 -9 -1 3 28287
-158 -135 865 -7 -2 -1 28318
-162 -137 839 4 -4 -4 28348
-180 -147 969 20 -8 -4 28379
-156 -118 1043 11 -5 -4 28410
-166 -46 1064 -15 6 0 28444
-171 -29 1059 -14 3 -1 28472
-153 -57 1061 5 1 -4 28504
-148 -8 1049 3 2 -1 28533
-109 -31 1030 -7 9 1 28559
-95 -109 986 -8 7 1 28592
-93 -126 948 3 6 1 28617
-129 -141 934 2 3 0 28644
-173 -160 1090 10 0 -2 28673
-223 -131 1116 8 -1 -1 28704
-262 -38 1036 -18 0 0 28736
-240 -48 1014 -11 -8 -5 28771
-201 -41 1006 2 -13 -4 28796
-158 -40 1037 17 -5 2 28832
-124 -39 1026 4 0 4 28857
-110 -59 1063 -3 2 3 28887
-90 -118 923 -12 8 -2 28922
-88 -160 943 8 5 -4 28952
-101 -148 973 13 -1 -4 28974
-112 -128 972 0 -5 -2 29006
-113 -82 956 -10 1 1 29036
-130 -69 1024 2 -3 1 29065
-149 -37 1025 5 -3 1 29094
-120 -36 1098 0 1 -1 29124
-156 -21 1043 -7 4 1 29152
-126 -58 939 -13 7 1 29182
-129 -106 896 -5 3 1 29211
-112 -150 937 11 -5 -1 29239
-130 -123 1022 17 -7 2 29271
-117 -112 1050 7 -7 -1 29301
-112 -60 1030 -12 4 -1 29333
-104 -61 1070 0 3 -4 29364
-123 -28 1025 2 -4 -2 29394
-89 -45 1043 -1 -1 3 29425
-99 -30 974 -11 -5 3 29453
-99 -26 972 -5 1 4 29482
-87 -39 944 -3 -2 0 29509
-105 -38 951 0 2 2 29541
-86 -27 904 -6 -1 -1 29563
-131 -51 925 -10 8 0 29594
-130 -118 1075 16 1 -2 29622
-137 -61 1188 8 7 -3 29656
-140 -20 1194 -12 3 -6 29682
-139 -35 1082 -20 -4 -6 29715
-101 -59 1028 -5 1 -1 29746
-83 -74 984 14 -5 2 29777
-82 -103 887 -4 -5 6 29809
-74 -150 1001 6 -6 5 29832
-95 -126 827 -7 -11 0 29865
-110 -86 866 -11 -2 -2 29892
-93 -120 1067 16 -4 -9 29926
-105 66 931 -17 -2 3 29956
-88 69 1022 -22 13 -3 29985
-93 -8 1114 18 -8 -9 30015
-52 28 1078 11 -9 1 30044
-44 49 1197 3 -9 5 30070
-36 23 1157 -11 -1 1 30098
18 -2 1039 -10 3 0 30129
42 -56 1044 9 18 -5 30155
22 -85 986 14 7 0 30183
19 -73 1003 -4 11 0 30208
-10 -79 1017 -15 9 -1 30238
-56 -69 952 -8 0 0 30267
-139 -19 912 -11 -9 0 30294
-155 -28 1101 8 -8 1 30325
-127 51 1063 2 -8 0 30359
-109 73 1070 -3 2 -3 30382
-168 106 1141 -5 8 -5 30409
-97 35 1029 -4 7 -3 30444
-59 -26 1031 8 12 -5 30467
-24 -133 990 10 1 -4 30498
-39 -154 997 -1 -1 0 30527
-89 -114 1028 1 -18 0 30562
-90 -72 994 2 -19 -1 30585
-100 12 1027 -1 -14 0 30616
-86 33 1126 0 -1 -1 30646
-74 72 1077 -4 8 1 30675
-41 55 975 -21 20 5 30702
-28 -23 1054 -4 10 -5 30727
-46 -56 979 8 1 -1 30765
-72 -70 971 -7 8 2 30790
-47 -101 942 -7 1 -2 30812
-80 -112 830 -10 -13 -4 30843
-140 -98 880 3 -7 -2 30881
-151 -94 924 14 -19 -3 30903
-148 -59 1026 17 -12 -2 30935
-151 7 1132 -1 5 -2 30969
-151 20 1125 -9 5 -1 30993
-155 19 1140 -2 11 -1 31025
-108 4 1039 -1 8 0 31055
-23 -72 1069 5 -10 -3 31081
-18 -105 1051 9 -3 0 31112
-17 -86 991 -1 -9 1 31142
-44 -96 1055 5 -7 1 31170
-75 -29 952 -12 -7 0 31197
-82 0 874 -19 2 1 31225
-95 -32 881 -12 -1 -4 31252
-98 -11 913 6 -3 -2 31282
-74 -19 1029 21 1 -1 31311
-69 25 1062 -2 5 0 31343
-114 22 1115 -12 16 -1 31368
-125 -8 1056 -5 13 -6 31398
-105 -63 1005 -1 7 -7 31432
-79 -134 1017 2 0 -3 31458
-97 -139 1073 13 -6 5 31488
-92 -108 1032 1 -14 2 31518
-112 -56 1035 -6 -6 1 31547
-152 -24 1079 3 -8 -2 31578
-117 4 1020 0 -3 -4 31608
-110 12 976 -6 8 -1 31636
-77 -16 952 -6 6 -2 31662
-41 -66 970 3 4 -1 31695
-48 -80 998 9 7 1 31717
-65 -69 1015 4 0 1 31745
-71 -55 1034 -3 -1 1 31771
-95 -54 1010 -7 -2 -1 31802
-95 -60 998 -1 -5 -4 31831
-118 -54 1004 2 -2 0 31861
-93 -68 998 -5 -4 3 31889
-99 -70 1013 -1 -2 1 31918
-93 -79 1065 10 0 -1 31951
-77 -72 1079 3 3 -2 31976
-73 -99 1043 -10 8 -1 32004
-60 -143 1033 0 2 -3 32035
-60 -146 967 4 2 1 32063
-29 -147 963 -3 0 0 32089
-42 -162 996 3 -2 3 32119
-66 -140 994 0 -12 4 32153
-80 -124 993 -2 -6 6 32175
-119 -85 1031 -2 -8 5 32205
-100 -53 998 -6 -1 2 32234
-96 -68 985 -7 2 0 32265
-87 -86 981 -3 6 1 32292
-77 -104 1039 6 3 2 32316
-61 -121 1105 10 4 3 32346
-41 -132 1103 -8 6 4 32376
-14 -181 1077 -11 3 1 32404
-11 -221 1069 6 -1 2 32434
-11 -224 1082 4 3 6 32464
-46 -222 1088 -6 2 9 32503
-48 -217 1066 -2 -3 8 32525
-49 -206 1020 -5 0 9 32552
-52 -188 979 -8 -1 6 32582
-50 -190 956 -6 0 6 32609
-48 -172 969 -4 -1 8 32636
-72 -185 1010 1 0 10 32667
-50 -185 1055 -1 -2 8 32696
-28 -189 1046 -8 2 4 32726
-33 -179 1036 -10 5 6 32755
-28 -194 997 -6 4 8 32785
3 -227 968 -4 3 11 32814
30 -283 1030 4 0 12 32841
28 -309 1092 7 2 17 32868
35 -334 1113 4 0 14 32895
29 -344 1101 -3 0 12 32925
4 -329 1069 -10 2 13 32953
-4 -293 1099 1 -6 13 32983
-4 -223 1156 1 -1 15 33018
-5 -201 1175 -10 5 18 33040
-14 -223 1152 -11 2 16 33071
9 -226 1058 -5 1 16 33102
17 -250 1041 -8 6 15 33134
-2 -251 1019 -7 4 14 33160
10 -251 1045 2 0 15 33189
7 -235 1046 -5 2 18 33218
-8 -223 1017 -13 3 18 33243
-24 -226 915 -16 1 17 33278
-32 -241 920 -8 -3 18 33304
-11 -247 1027 2 -8 15 33337
-5 -240 1104 -5 4 18 33366
-7 -275 1104 -13 13 21 33396
19 -332 1099 -6 6 20 33426
26 -371 1083 0 17 24 33455
91 -422 1092 -7 6 19 33483
69 -439 1089 -8 3 21 33516
38 -398 1081 -8 1 23 33546
17 -363 1082 -5 2 24 33570
-13 -356 1106 -2 -11 26 33602
-13 -332 1152 -2 -3 26 33634
-9 -298 1105 -14 2 22 33664
-5 -271 1053 -17 2 21 33695
9 -266 1004 -10 4 23 33725
-3 -260 998 -9 3 25 33756
-5 -276 1015 -6 2 26 33780
1 -317 1060 -1 -1 25 33810
4 -339 1063 -11 0 26 33840
29 -373 1072 -13 2 23 33869
68 -389 1045 -5 -1 21 33898
101 -360 1018 -12 2 24 33929
94 -326 1025 -8 0 22 33963
91 -323 1053 -3 -4 26 33988
68 -326 1170 4 -4 33 34019
67 -318 1209 -3 1 30 34049
52 -333 1085 -16 6 28 34096
50 -314 996 -11 4 28 34122
51 -304 967 -12 3 31 34146
26 -309 993 -7 1 31 34172
21 -311 1016 -3 0 32 34196
29 -324 1021 -8 -3 31 34223
39 -331 1067 -5 -2 28 34254
45 -323 1053 -9 2 26 34289
43 -311 1031 -15 5 25 34315
30 -295 1031 -7 2 26 34343
28 -290 1049 -3 1 29 34372
35 -296 1119 -4 0 31 34401
32 -317 1174 -2 -2 28 34432
53 -317 1189 -7 2 30 34461
43 -320 1134 -12 4 29 34490
22 -306 1050 -10 1 30 34520
14 -294 979 -11 2 33 34551
-5 -287 956 -12 1 35 34579
-44 -308 964 -7 0 38 34612
-77 -359 993 -5 -2 42 34639
-85 -415 1023 -4 2 43 34665
-86 -507 1010 -20 1 36 34699
-111 -532 983 -16 2 28 34729
-93 -514 981 -9 2 27 34761
-79 -485 1011 -11 2 29 34789
-33 -473 1035 -13 0 30 34820
-43 -474 1040 -14 -1 36 34852
-36 -507 1049 -14 -2 37 34885
-38 -547 1082 -7 0 36 34918
-40 -546 1087 -9 0 36 34945
8 -542 1072 -10 1 31 34979
10 -519 1098 -9 2 34 35010
6 -512 1094 -10 2 36 35033
16 -515 1097 -11 1 37 35064
14 -537 1086 -10 0 38 35093
22 -536 1056 -12 -1 38 35126
24 -514 1032 -12 -2 36 35159
28 -504 1029 -7 0 37 35187
31 -492 1043 -6 0 36 35216
32 -483 1052 -13 2 39 35246
52 -490 1008 -12 0 36 35276
88 -502 999 -9 1 36 35305
76 -486 1049 -7 2 38 35331
67 -473 1073 -8 -1 36 35365
109 -462 1068 -16 -1 33 35397
84 -443 1070 -16 0 37 35425
63 -425 1052 -11 -1 41 35455
88 -440 1129 -4 -2 38 35487
85 -444 1207 -10 0 39 35516
139 -450 1216 -18 -1 34 35546
164 -469 1182 -15 0 35 35579
183 -466 1099 -19 -1 36 35611
178 -462 1010 -16 -1 38 35644
166 -448 902 -20 -3 39 35678
158 -435 967 -8 -2 38 35706
138 -456 1069 9 -1 39 35736
169 -466 1121 -14 0 43 35766
140 -471 1081 -26 1 36 35797
154 -486 1035 -14 2 38 35829
165 -501 1106 -4 2 40 35859
141 -509 1190 -4 1 42 35889
140 -503 1207 -10 -2 37 35920
146 -492 1132 -21 0 38 35955
119 -488 1150 -1 2 37 35983
114 -477 1155 2 3 39 36013
107 -458 1099 -19 5 37 36043
58 -427 1092 -7 5 35 36074
39 -399 1026 -3 2 42 36102
31 -373 1035 -13 -3 41 36137
19 -384 1090 -3 -5 34 36163
-4 -357 1111 0 -3 34 36193
5 -320 1094 -13 3 30 36221
-23 -307 1066 -16 5 25 36252
-45 -286 996 -9 5 27 36282
-53 -287 1021 -1 0 28 36312
-53 -283 1012 -5 2 28 36342
-88 -295 970 -17 2 31 36372
-99 -324 956 -9 -3 29 36402
-91 -331 933 -2 -6 25 36433
-104 -337 984 -6 2 23 36463
-107 -344 1027 -1 3 18 36492
-86 -321 1071 -2 2 16 36524
-81 -295 1041 -14 7 18 36555
-66 -270 949 -20 2 18 36585
-258 31684 -2508 -258 -258 -258 36615
-126 -286 1090 9 -6 26 36656
-128 -296 1201 2 0 22 36688
-145 -282 1230 -10 5 16 36718
-149 -272 1134 -17 6 12 36753
-150 -283 1017 -17 9 11 36782
-159 -329 1010 8 9 18 36817
-141 -353 1014 8 4 18 36842
-145 -372 996 -5 0 21 36874
-174 -370 1007 -1 -11 20 36910
-156 -349 1005 8 -13 17 36939
-169 -266 944 -10 -1 14 36970
-199 -221 975 -15 0 10 37002
-213 -196 970 1 -4 10 37034
-214 -161 978 2 13 13 37067
-232 -149 1016 -6 5 10 37092
-263 -202 1005 -4 -1 10 37130
-269 -236 939 -1 -2 9 37157
-283 -253 921 -7 -1 6 37189
-261 -262 940 -1 -2 5 37217
-234 -235 962 6 -2 6 37248
-231 -232 990 1 1 7 37281
-244 -220 1015 -4 -1 6 37307
-224 -236 979 -5 -1 5 37336
-253 -225 943 -5 4 8 37367
-264 -220 997 4 -1 6 37396
-277 -221 999 3 -5 7 37425
-270 -210 1006 -5 -3 5 37454
-283 -194 1009 -5 -5 4 37485
-281 -174 989 -2 -6 3 37516
-272 -162 975 -2 2 1 37546
-288 -163 1000 -1 1 2 37576
-288 -186 1017 1 2 3 37605
-270 -176 972 -5 0 1 37635
-268 -178 916 -9 4 0 37664
-276 -207 919 -2 1 0 37693
-280 -231 922 6 -1 2 37722
-291 -237 973 8 -1 3 37752
-286 -212 941 -3 -2 -1 37778
-298 -185 918 -13 -2 0 37816
-315 -197 957 3 -5 2 37843
-325 -151 944 6 -4 1 37873
-318 -144 990 -1 1 -2 37901
-321 -176 999 -8 3 -2 37931
-314 -143 1005 -3 2 -2 37962
-310 -179 997 3 3 -2 37998
-306 -217 971 -2 4 -2 38023
-277 -258 945 -7 -1 -3 38052
-265 -275 955 2 -3 -1 38083
-276 -264 964 4 -1 2 38114
-277 -243 1034 1 -5 1 38142
-273 -237 1105 7 -1 0 38173
-285 -191 1047 -6 2 -1 38202
-312 -174 1021 -13 7 -1 38234
-320 -175 1000 -3 3 0 38266
-299 -170 959 2 0 0 38296
-304 -184 968 -1 1 0 38330
-303 -181 943 -10 -5 -1 38355
-313 -212 909 -11 1 2 38386
-307 -215 900 -1 -5 2 38415
-324 -212 805 -4 0 1 38448
-336 -242 882 1 0 0 38474
-342 -246 882 11 -1 0 38503
-320 -244 899 6 -3 -2 38533
-309 -251 1039 12 -5 -7 38564
-317 -207 1011 0 -3 -2 38598
-265 -199 935 -12 3 -2 38627
-272 -224 1006 4 -8 -2 38658
-266 -215 1024 22 -9 4 38690
-276 -177 1042 6 -2 4 38720
-311 -154 1006 -15 -8 1 38750
-312 -143 917 -13 -9 3 38788
-296 -144 873 -2 -4 -1 38818
-265 -180 888 5 -2 -5 38843
-269 -152 975 13 11 -4 38880
-267 -163 951 -4 18 -3 38907
-277 -218 958 -11 13 -4 38939
-318 -251 922 0 7 -1 38970
-335 -273 945 7 -2 1 38999
-364 -271 1042 8 -12 -2 39029
-367 -208 1059 3 -11 -1 39061
-350 -109 907 -24 -3 1 39094
-349 -117 801 -26 -2 2 39124
-330 -188 995 19 -9 1 39156
-317 -195 906 34 -11 2 39186
-286 -207 1095 12 9 -5 39216
-300 -199 1196 -2 9 -10 39248
-291 -169 1092 -9 11 -4 39280
-280 -175 879 -13 8 -4 39314
-308 -197 887 -6 -6 -1 39344
-336 -218 977 11 -12 6 39375
-337 -182 1001 14 -9 9 39411
-319 -132 927 -18 -8 4 39437
-308 -125 972 -23 2 -3 39468
-346 -154 986 -1 11 -1 39500
-341 -188 972 18 8 -7 39534
-372 -188 1055 23 15 -8 39559
-393 -169 1101 -7 14 -2 39595
-306 -191 936 -20 9 -4 39625
-300 -268 828 -16 1 -3 39657
-345 -307 908 17 -6 6 39687
-340 -298 926 30 -25 7 39718
-282 -230 975 -4 -15 4 39751
-301 -165 953 -21 -7 -2 39781
-303 -132 884 -14 -6 -3 39812
-301 -116 900 9 1 -4 39845
-299 -87 936 11 -1 -8 39881
-277 -106 997 7 7 -5 39905
-256 -132 997 -8 10 -2 39937
-265 -180 1034 -2 6 -2 39965
-286 -201 993 3 4 -1 39995
-290 -226 961 -5 1 -3 40025
-294 -227 949 -6 -2 2 40055
-298 -228 962 1 -6 1 40084
-298 -201 970 4 -6 2 40114
-299 -156 982 -4 -6 1 40144
-307 -134 1015 -5 -1 -1 40174
-307 -146 1009 1 -2 -2 40205
-300 -147 1026 0 5 -5 40239
-298 -159 1045 3 7 -3 40268
-271 -171 1033 1 7 -3 40295
-227 -211 964 -7 3 -2 40329
-220 -239 947 2 -3 2 40358
-242 -235 911 2 -6 4 40388
-244 -233 913 -1 -8 4 40414
-257 -225 955 3 -7 1 40448
-272 -181 910 -6 -4 0 40483
-272 -149 853 -14 1 -1 40508
-284 -169 1016 13 -4 -2 40537
-268 -145 1010 13 -1 -2 40569
-277 -103 1050 -8 6 -4 40602
-283 -121 1098 -9 0 -5 40632
-268 -138 967 -10 3 0 40663
-249 -206 1004 0 2 -2 40694
-256 -232 1000 11 -1 1 40729
-243 -236 1009 1 1 2 40753
-252 -232 943 -12 3 0 40786
-269 -280 1031 7 3 1 40813
-276 -209 820 -8 -3 2 40845
-271 -214 829 -16 -1 -1 40872
-306 -220 917 0 -17 1 40908
-300 -187 901 18 -17 4 40935
-287 -131 978 12 -8 1 40967
-257 -73 987 -14 -2 -6 41001
-234 -92 1083 -2 3 -5 41029
-227 -132 1012 12 9 -2 41058
-214 -190 988 6 18 -3 41090
-184 -247 948 -8 8 -5 41120
-171 -263 818 -16 5 2 41149
-215 -262 914 4 -9 6 41180
-270 -251 1000 23 -15 8 41210
-312 -112 1068 -7 -6 3 41244
-325 -60 1132 -16 11 -1 41273
-332 -93 1129 -7 2 -9 41305
-337 -27 949 -8 15 -1 41336
-301 -102 892 -14 12 -5 41365
-274 -185 911 -3 1 0 41397
-246 -248 885 13 -7 4 41427
-262 -266 959 20 -16 4 41458
-283 -245 1136 17 -17 -1 41488
-259 -146 1119 -11 2 -5 41526
-244 -123 1066 -16 3 -10 41554
-219 -110 975 -2 3 -6 41587
-183 -113 868 0 4 2 41616
-170 -160 936 -2 6 3 41645
-199 -175 1007 9 1 10 41675
-209 -172 1011 5 0 9 41704
-247 -181 1062 -1 9 1 41738
-297 -163 1012 -10 2 -6 41764
-293 -180 998 -7 7 -6 41797
-281 -178 1015 4 4 -6 41826
-263 -165 1028 3 -4 0 41856
-248 -141 1020 1 -7 1 41886
-219 -113 937 -10 -7 3 41916
-218 -160 977 -1 -4 1 41949
-213 -165 949 8 -5 0 41976
-209 -166 859 -3 3 1 42009
-201 -177 932 -2 0 -2 42035
-208 -135 923 2 -6 0 42071
-220 -79 899 -8 -6 1 42096
-223 -103 981 -4 6 -2 42124
-214 -91 942 1 -6 -2 42161
-219 -105 986 8 2 -1 42185
-206 -122 999 5 -2 -3 42212
-198 -126 939 -14 3 -1 42243
-214 -144 993 -5 3 -2 42275
-216 -163 963 7 -3 3 42304
-215 -147 984 -2 -6 -1 42333
-221 -116 1017 -8 -7 -3 42365
-181 -148 1038 0 1 -2 42400
-196 -122 1191 19 6 -3 42427
-215 -98 1161 4 15 -2 42458
-203 -109 902 -39 22 0 42489
-175 -202 944 -23 -6 -6 42521
-196 -212 830 16 -2 6 42551
-217 -252 926 37 -20 3 42582
-209 -155 1037 1 -22 4 42622
-215 -80 1060 -17 2 5 42649
-208 -120 1105 -7 1 -1 42673
-232 -33 932 -3 -1 -4 42708
-208 -92 876 -11 10 -5 42737
-195 -161 907 -3 2 -2 42767
-208 -173 911 13 -7 5 42797
-199 -185 981 18 -5 7 42828
-185 -142 1002 -4 -7 0 42858
-204 -118 962 -16 3 -3 42889
-231 -132 972 -6 -2 -4 42920
-201 -128 953 7 -1 -6 42951
-187 -93 1062 4 3 -6 42983
-180 -66 1088 -2 6 -3 43009
-171 -78 1053 -3 4 3 43041
-174 -92 985 -8 4 2 43069
-186 -149 987 -2 1 1 43098
-183 -164 924 2 -7 -2 43133
-185 -177 932 1 -7 -1 43156
-178 -157 992 1 -6 1 43187
-165 -125 991 3 -6 0 43217
-158 -96 1017 3 -3 -3 43246
-166 -87 1042 -1 -2 -5 43275
-143 -121 1046 2 3 -2 43307
-133 -100 1094 11 4 -2 43338
-153 -92 1068 -2 9 2 43368
-155 -88 1011 -17 9 1 43397
-158 -116 902 -8 3 1 43428
-179 -129 861 0 3 5 43458
-188 -120 939 7 -3 4 43484
-208 -144 1000 8 -9 3 43514
-216 -124 1055 8 0 1 43544
-243 -63 1124 -3 4 -8 43580
-243 -37 1063 -10 1 -10 43605
-208 -49 999 -5 5 -6 43636
-156 -111 951 1 -3 -2 43671
-135 -119 955 5 -8 2 43695
-141 -120 973 8 -11 7 43724
-129 -119 1022 4 -10 5 43754
-171 -101 1067 2 8 4 43786
-182 -79 1030 -7 6 -3 43814
-184 -58 905 -14 12 -4 43850
-162 -90 915 -4 8 -6 43874
-176 -97 901 7 -2 -6 43905
-185 -114 1040 20 -1 2 43934
-171 -150 1111 7 -1 4 43965
-207 -75 1061 -16 3 9 43995
-222 -97 970 -4 -4 -4 44028
-214 -101 804 -7 2 -3 44055
-125 -172 959 15 -9 -14 44087
-115 -160 819 9 -7 -2 44118
-129 -83 910 -4 -2 10 44149
-154 -136 1052 11 -6 10 44178
-195 -22 999 4 -20 4 44214
-270 36 1023 -18 -6 -2 44240
-219 47 1009 -21 -2 -10 44272
-163 28 822 -16 0 -9 44303
-113 -33 747 -1 16 -2 44332
-148 -42 868 4 -6 1 44363
-149 -128 962 16 -17 7 44391
-171 -127 941 1 -11 3 44422
-226 -130 1231 18 -5 -3 44452
-235 -139 1300 -2 16 -18 44489
-234 36 1217 -27 27 -5 44518
-173 -12 1103 -22 21 -8 44548
-82 -62 893 -9 1 2 44581
-81 -123 862 -6 6 7 44607
-93 -220 960 21 -19 5 44637
-127 -214 909 8 -13 6 44666
-228 -158 1131 9 0 9 44697
-265 -144 1124 0 4 -5 44729
-287 -37 1026 -19 10 -11 44756
-284 -42 1063 -5 9 -17 44789
-261 -75 989 0 -7 -9 44820
-173 -79 930 5 -9 0 44850
-122 -108 992 9 -15 6 44877
-114 -102 911 -1 -11 11 44908
-133 -83 939 -1 -4 6 44939
-144 -133 881 -6 -3 0 44969
-157 -109 854 -4 -1 -2 44999
-177 -111 911 1 -1 -2 45030
-188 -47 960 5 0 -4 45062
-178 -24 945 -7 4 -3 45088
-178 -27 1008 -11 10 -5 45117
-192 -49 978 3 -1 -1 45151
-190 -67 952 -2 -1 0 45177
-180 -144 1058 3 -2 1 45209
-208 -159 1066 8 -9 0 45238
-149 -148 1068 -4 -3 -5 45274
-176 -124 1066 0 2 -5 45301
-159 -108 1035 1 1 -3 45331
-149 -108 968 -5 5 2 45361
-164 -118 974 -1 -2 0 45395
-166 -106 905 -4 -4 4 45421
-175 -88 942 0 -2 6 45451
-176 -135 972 7 -2 3 45477
-178 -74 1016 6 -2 -3 45513
-177 -74 1067 1 5 -4 45537
-179 -45 1071 -3 6 -4 45569
-180 -50 1010 -8 11 -2 45596
-168 -104 946 -8 4 -1 45630
-170 -131 958 0 -3 1 45657
-166 -115 919 2 -8 5 45690
-184 -100 973 2 -11 4 45714
-193 -85 984 -5 -4 1 45748
-196 -77 1029 3 0 0 45774
-218 -66 1031 -1 2 -4 45811
-193 -79 1014 -5 0 -11 45834
-206 -58 961 -9 5 -6 45865
-181 -82 965 -1 1 -3 45895
-155 -111 963 1 -4 1 45923
-163 -129 1049 14 -6 3 45953
-186 -104 1024 -3 -3 4 45984
-172 -110 972 -12 2 -3 46018
-162 -124 954 -7 -4 -4 46044
-163 -90 935 6 -1 -4 46079
-157 -108 1003 8 -3 -2 46107
-156 -104 1022 1 -1 1 46138
-174 -86 1039 -8 6 1 46168
-179 -126 1023 -5 3 -2 46198
-183 -118 1001 5 1 -4 46228
-177 -114 961 -2 2 -2 46259
-176 -108 906 -12 -3 -1 46289
-150 -141 952 7 -8 2 46327
-184 -98 951 7 -6 5 46355
-199 -101 1003 2 -1 3 46380
-211 -77 1006 -7 -1 -2 46408
-187 -98 988 -4 3 -5 46439
-185 -88 944 -1 5 -2 46468
-160 -128 986 10 5 -4 46498
-133 -146 964 5 -2 -3 46527
-144 -130 916 -5 1 2 46558
-170 -138 1020 3 -9 3 46587
-182 -93 1022 5 -10 5 46618
