390 19 3934 -4 3 -2 21
184 4 1902 1 6 -1 66
173 0 1391 2 0 -2 93
174 32 1239 5 -1 0 116
170 53 1141 7 1 2 138
159 39 1097 6 0 0 161
141 41 1150 -3 0 -2 184
114 39 1179 -6 2 -1 206
85 29 1168 -5 3 -1 228
84 6 1098 -3 3 -2 253
95 -5 1062 0 -1 -1 274
106 -6 1024 7 -2 1 299
114 8 1004 12 -2 1 326
117 19 1040 8 -2 -1 349
114 48 1121 -3 3 -2 377
108 69 1126 -10 4 -2 402
110 48 1077 -8 4 -2 428
111 20 1034 0 2 -1 456
87 12 1054 5 3 0 481
78 4 1080 4 2 -1 503
80 -1 1085 2 1 -1 525
91 4 1063 0 0 -1 551
86 24 1030 3 -2 0 582
81 16 1015 5 -3 0 604
81 28009 8538 6 -6 -1 627
109 20 1013 8 -6 0 651
109 32 1028 7 -4 0 673
112 35 1037 2 -2 -1 697
129 39 1038 -3 -2 -1 726
137 46 1016 1 0 -1 752
132 50 989 3 1 -1 775
129 25 970 2 1 -1 801
124 28 995 0 -1 -2 824
99 42 1060 -1 1 -2 850
80 48 1108 -3 3 -1 873
84 23 1148 -8 3 -2 900
98 25 1170 -9 2 -3 924
101 42 1137 -6 8 -1 950
104 -3 1079 -2 5 -1 974
126 -2 1039 4 -3 0 1001
109 7 1054 8 -1 0 1028
89 -8 1072 5 0 -1 1051
86 -7 1122 -3 -4 -3 1077
80 22 1125 -5 1 -2 1109
70 -6 1082 -1 0 0 1131
95 -18 1037 5 -3 1 1154
122 -1 999 8 -4 2 1182
110 20 992 8 -3 1 1207
110 36 1006 4 -4 -1 1230
119 58 1022 -2 -4 -1 1258
113 65 997 1 -1 1 1287
105 54 982 3 0 0 1311
98 39 993 1 0 0 1333
93 49 1032 -4 0 -1 1358
87 45 1044 -6 0 -2 1382
102 39 1031 -5 -2 -2 1411
120 36 1022 1 -1 1 1439
126 29 1015 5 -1 1 1462
122 14 1028 5 -1 -1 1490
106 22 1083 -3 1 -2 1517
91 2 1121 -7 1 -2 1549
97 4 1113 -6 0 -2 1571
106 -4 1067 -2 0 0 1595
110 -15 1042 2 0 0 1619
118 7 1070 3 -1 -1 1650
114 17 1095 -1 2 -2 1677
115 -8 1094 -2 0 -2 1699
108 29 1087 -1 0 -1 1727
70 9 1084 -3 1 -1 1754
69 3 1100 -3 -1 -1 1777
64 16 1130 -3 0 -1 1804
75 8 1112 0 0 -1 1830
113 -1 1047 8 -3 1 1854
128 18 997 12 -3 4 1879
140 8 947 12 -3 2 1907
139 -1 976 9 -2 0 1930
116 -5 1063 -5 5 -2 1956
97 -23 1092 -12 2 -5 1986
100 -34 1043 -8 0 -2 2010
120 -37 917 13 -4 3 2043
129 -28 878 22 -2 4 2065
139 -28 891 27 -7 4 2093
157 -32 892 24 -12 3 2119
171 20 915 17 -10 3 2149
134 64 1001 4 -4 -1 2182
143 84 1033 -7 0 -5 2204
149 104 1061 -9 6 -5 2229
162 59 1034 -1 6 -2 2258
166 63 1064 9 9 -1 2284
133 116 1177 5 17 -6 2311
54 138 1215 -11 13 -4 2338
35 130 1254 -21 5 -6 2368
40 120 1181 -6 5 -1 2396
26 74 1124 5 1 -1 2423
36 85 1132 3 -5 -2 2447
56 53 1124 -4 -6 -1 2474
103 39 1079 0 -8 0 2502
107 60 1102 1 -5 0 2525
93 44 1095 -6 1 -3 2554
116 50 1092 -10 -2 -4 2579
131 71 1084 -8 -1 -2 2607
142 16 1067 -3 -3 -1 2637
165 33 1088 -2 -1 -1 2665
151 34 1070 -7 4 -2 2692
154 13 1031 -4 3 -3 2724
147 27 1028 1 1 0 2745
112 -15 1050 5 0 -2 2772
94 -6 1086 3 -1 -2 2799
101 2 1051 0 -1 -2 2823
122 28 989 4 -3 -2 2851
137 46 945 12 -2 1 2877
142 41 958 15 -3 1 2901
134 63 1041 14 -2 -1 2929
118 85 1087 8 -1 -1 2955
115 112 1072 -6 1 -3 2985
115 124 1028 -9 3 -3 3012
119 94 1003 3 2 -1 3040
125 74 1002 8 2 0 3064
109 82 1070 9 0 0 3091
101 108 1100 4 1 -2 3114
105 126 1072 -6 3 -3 3143
106 96 976 -1 -3 -4 3177
94 109 955 5 -3 -3 3200
85 128 1004 8 -2 -3 3222
86 104 1130 1 -5 -3 3256
118 108 1102 -2 -4 -1 3280
140 115 1020 1 -2 0 3307
142 113 999 2 1 -1 3337
131 122 1073 -4 3 -3 3360
114 78 1180 -9 2 -3 3388
143 60 1164 -7 -1 -2 3416
172 64 1114 -6 0 -2 3442
176 58 1070 0 -1 -1 3470
165 58 1044 5 -1 -1 3502
162 35 1019 11 -4 -1 3526
159 44 1027 12 -6 -1 3551
139 69 1061 8 -3 0 3581
125 72 1051 -1 -4 -3 3607
129 101 1028 -4 1 -2 3635
125 88 993 -1 4 -1 3661
132 83 995 1 3 -1 3688
112 121 1087 -4 3 -2 3715
96 130 1137 -9 4 -2 3741
127 117 1118 -11 1 -2 3774
155 104 1076 -5 1 0 3797
179 98 1013 9 -1 3 3826
190 97 1024 11 -6 2 3849
185 108 1107 4 -8 -1 3878
196 87 1137 -3 -5 -1 3906
212 62 1087 -6 -4 -2 3935
221 29 999 3 -2 0 3963
219 2 983 8 -2 0 3985
205 9 1044 5 -1 -2 4012
201 13 1103 1 -1 -3 4037
234 23 1112 -6 -2 -4 4064
243 19 1012 -2 -2 -1 4093
241 21 937 4 -1 1 4118
232 37 963 12 1 0 4146
196 49 1086 11 -1 0 4171
182 52 1117 4 -4 0 4195
194 95 1085 -5 -3 -3 4223
207 105 1028 -5 2 -1 4253
208 81 1021 3 3 1 4278
199 85 1099 9 3 1 4310
198 74 1137 6 2 0 4332
203 76 1160 -1 1 -1 4355
203 104 1157 -11 4 -2 4382
182 66 1095 -4 3 -1 4411
180 50 1057 3 0 -1 4437
169 67 1063 8 1 -1 4464
164 75 1116 6 -2 -1 4490
182 88 1130 3 -3 -1 4515
203 80 1077 1 -4 0 4544
210 100 1024 4 -3 0 4570
202 120 1033 1 0 -1 4596
190 98 1085 -4 1 -2 4623
193 87 1110 -5 1 -2 4651
192 70 1086 -4 2 -1 4679
186 59 1083 -3 2 -1 4703
176 65 1107 -2 1 -1 4732
172 48 1088 1 0 0 4759
189 37 1066 5 -1 -1 4782
216 58 1060 8 -4 0 4818
208 59 1063 4 -3 0 4843
201 80 1071 -2 0 -2 4868
198 94 1087 -5 2 -3 4891
173 84 1131 -6 3 -2 4917
162 82 1159 -6 3 -1 4943
146 109 1168 -7 3 -2 4977
150 97 1131 -6 2 -2 4999
165 91 1072 2 -1 0 5030
173 93 1035 8 -2 2 5051
179 82 1039 9 -4 0 5079
170 81 1071 5 -5 0 5103
164 88 1060 -4 -3 -2 5130
181 79 1020 -7 -4 -3 5158
203 79 995 5 -6 0 5188
212 65 974 9 -5 2 5210
226 46 981 7 -4 -1 5237
239 78 1009 3 -3 -3 5261
225 79 1024 -5 -1 -2 5290
208 88 1034 -7 1 -3 5318
186 55 1048 -6 1 -2 5345
182 38 1042 3 -3 0 5376
191 42 1027 5 -1 0 5398
205 56 1020 7 -1 1 5424
219 59 1016 7 -1 0 5448
232 58 1022 7 -2 0 5476
230 66 1030 8 -1 0 5500
217 75 1055 2 1 -1 5527
193 79 1079 -6 1 -3 5554
187 88 1096 -7 3 -3 5580
181 71 1101 -1 2 -1 5607
189 62 1073 5 2 1 5635
185 79 1095 7 0 0 5659
170 108 1167 2 2 -1 5685
167 126 1206 -3 3 -2 5710
172 115 1194 -9 2 -2 5739
175 113 1136 -3 2 -2 5768
168 82 1108 0 2 -1 5797
154 78 1135 2 1 -1 5822
152 76 1152 0 1 -2 5846
162 54 1113 0 -1 -1 5874
178 67 1046 5 -3 -1 5905
184 77 1019 9 -5 -1 5928
199 64 997 10 -6 0 5954
210 90 997 7 -4 -1 5981
209 103 997 3 -3 -1 6006
214 100 1000 -4 -1 -2 6034
200 110 1043 -9 2 -2 6063
178 100 1094 -8 4 -2 6092
188 84 1102 -8 3 -1 6120
192 78 1079 -4 1 -1 6145
190 76 1048 1 1 -1 6174
185 67 1068 5 0 -1 6199
173 71 1100 5 -2 -1 6225
153 97 1134 -2 -1 -3 6252
173 86 1094 -5 -2 -2 6281
196 64 1047 1 -5 0 6307
210 51 987 10 -4 2 6335
200 69 1042 7 -1 -1 6361
201 97 1119 1 0 -3 6386
210 76 1138 -9 1 -3 6413
209 91 1085 -3 2 -3 6455
167 93 1136 1 4 -1 6479
149 94 1187 -4 3 -1 6501
151 82 1203 -9 2 -3 6524
176 76 1167 -4 2 -2 6548
184 76 1143 2 3 0 6573
173 80 1143 2 1 0 6600
167 85 1139 -1 1 -2 6624
175 55 1101 2 -1 -3 6652
186 54 1075 7 -2 -1 6682
171 73 1097 5 -1 0 6704
160 77 1114 -5 -1 -2 6733
185 61 1072 -2 -4 -1 6760
209 72 1017 8 -3 1 6788
208 64 1010 7 -2 0 6813
199 95 1076 -1 0 -2 6840
192 81 1104 -4 0 -3 6868
203 68 1086 -2 0 -1 6892
201 72 1092 -2 3 0 6921
172 93 1112 -5 4 -2 6948
179 35 1077 -8 2 -3 6977
193 36 1073 1 0 -2 7000
185 37 1115 9 1 1 7028
175 34 1153 3 -1 1 7051
170 67 1163 -10 -1 -4 7078
192 53 1081 -1 -3 -3 7108
226 52 1029 13 -2 1 7136
207 50 1048 11 -1 2 7162
164 69 1127 -3 0 -3 7189
156 107 1158 -14 2 -5 7216
158 90 1076 -8 1 -2 7246
162 84 1017 -3 0 -1 7272
170 86 973 7 -3 2 7300
179 69 977 10 -7 1 7325
192 79 984 7 -7 1 7349
197 67 987 1 -7 0 7377
214 53 971 -1 -7 -1 7399
233 55 948 0 -7 -1 7428
253 8 931 7 -6 1 7454
271 -4 944 8 -3 0 7477
293 -3 1022 -2 3 -3 7506
294 -1 1076 -8 4 -4 7528
271 -28 1036 -13 7 -5 7557
238 -38 1030 -10 0 -7 7586
190 7 1145 -2 4 -4 7614
164 -12 1223 2 4 -1 7639
163 17 1187 0 -1 -1 7669
201 37 1085 1 -3 2 7695
213 46 1064 8 0 5 7719
183 78 1150 7 6 4 7745
124 80 1227 -9 3 -3 7772
141 94 1215 -13 1 -6 7797
166 69 1113 -5 -3 0 7826
199 47 1001 10 -4 5 7853
225 22 1006 12 -4 2 7881
227 30 1040 11 -4 -1 7905
232 23 1023 4 0 -2 7938
227 24 995 0 -2 -3 7962
209 44 986 1 -3 -3 7986
183 51 992 6 -2 -1 8013
203 51 1014 7 -4 0 8048
234 65 982 7 -5 1 8071
260 70 950 6 -4 1 8095
273 85 971 4 1 -1 8116
229 96 1113 -2 5 -2 8141
193 112 1181 -7 7 -3 8165
201 69 1140 -16 9 -6 8196
190 87 1091 -4 2 -3 8224
166 39 984 6 4 2 8250
159 22 994 7 -1 -1 8273
173 61 1115 7 -6 -2 8300
169 58 1163 12 -5 1 8326
216 43 1049 -1 -4 -1 8359
233 84 1056 -3 -3 -4 8381
211 92 1115 5 2 0 8411
210 44 1226 6 4 1 8434
224 76 1311 9 14 -7 8460
188 53 1071 -15 1 -3 8488
221 55 993 -15 4 -6 8514
185 90 1075 0 10 -3 8542
117 54 1213 7 3 0 8573
158 19 1115 -2 -4 -6 8598
185 59 1060 -1 -5 -4 8621
178 120 1007 9 -4 0 8651
145 101 1078 0 0 0 8678
137 110 1143 -6 -2 -2 8703
164 99 1122 -8 0 -2 8733
206 59 1071 -4 0 0 8760
209 53 1084 -5 0 1 8786
195 55 1107 -4 1 -1 8810
209 -2 1081 1 0 -2 8839
236 -39 1008 7 -3 -4 8866
246 -42 990 6 -4 -4 8891
226 -37 1080 6 -5 -2 8921
188 -9 1095 -1 -6 -1 8948
212 21 1028 -6 -2 -3 8976
236 32 1023 2 -1 -1 9005
225 44 1060 12 0 2 9031
200 61 1123 9 1 3 9057
196 73 1146 -4 1 -1 9081
188 107 1145 -13 4 -3 9115
180 87 1124 -7 5 0 9138
179 40 1112 2 3 1 9165
176 35 1120 4 2 0 9187
187 11 1113 4 1 -1 9215
204 11 1107 2 -1 -1 9239
208 11 1094 0 -2 -1 9267
205 20 1073 4 -2 -2 9295
212 8 1061 5 -3 -1 9319
213 16 1033 6 -4 0 9348
217 26 1035 4 -2 0 9374
211 46 1058 3 -2 0 9398
197 60 1046 -2 0 -1 9429
208 70 1016 -1 -2 -2 9453
223 71 982 3 -3 -1 9479
234 71 958 8 -3 1 9507
231 67 1014 7 -3 0 9532
233 86 1056 3 -3 -1 9557
242 111 1062 -6 -1 -2 9585
251 98 1020 -5 1 -2 9613
255 63 994 1 0 -1 9645
246 61 1057 9 -1 -1 9674
228 63 1090 8 -2 0 9696
206 74 1084 3 -4 0 9718
233 112 1054 -4 -1 -4 9745
245 98 1019 4 -2 0 9774
241 54 1013 12 0 2 9801
228 74 1087 8 1 -1 9824
194 95 1202 -7 3 -3 9853
185 96 1203 -14 4 -3 9877
186 94 1152 -17 7 -4 9907
174 61 1123 -5 5 -2 9935
179 44 1124 6 -1 0 9962
186 51 1129 7 -3 1 9987
216 63 1124 5 -5 -1 10019
230 79 1117 7 -6 0 10041
252 84 1089 5 -3 0 10070
259 75 1088 1 -2 -2 10095
258 88 1127 -2 0 -2 10124
235 85 1156 -5 4 -2 10156
219 90 1156 -10 6 -3 10182
201 92 1126 -6 3 -3 10209
214 66 1074 5 0 0 10238
225 71 1066 9 -3 0 10262
233 95 1085 5 -2 -1 10291
254 79 1076 2 -3 -1 10319
264 83 1052 -3 0 -2 10347
251 82 1063 -5 1 -2 10373
226 63 1093 -7 2 -2 10404
219 74 1118 -7 1 -1 10431
228 59 1074 -3 -1 -1 10459
261 51 1016 6 -3 0 10489
263 60 1013 12 -7 0 10516
257 71 1035 12 -8 0 10542
251 85 1075 2 -4 -2 10572
260 105 1090 -6 -3 -3 10599
251 85 1067 -8 1 -1 10630
239 72 1069 -8 3 -2 10658
228 76 1133 -3 1 -1 10689
231 79 1146 0 0 0 10713
239 80 1096 -2 -1 -1 10740
255 73 1052 1 -2 -2 10769
253 68 1029 7 -3 0 10797
249 43 1059 7 -5 -1 10825
250 45 1094 2 -4 -1 10850
256 46 1098 -1 -5 0 10880
286 29 1040 -3 -1 -2 10909
299 27 1064 4 -1 -1 10941
304 14 1074 7 3 0 10966
298 1 1095 8 0 0 10991
293 26 1124 3 3 -2 11016
265 51 1166 -2 6 -2 11045
243 21 1156 -3 6 -1 11070
236 20 1149 2 2 -1 11100
230 35 1114 9 3 1 11127
240 31 1063 10 0 2 11153
250 61 1068 9 0 1 11178
252 115 1108 10 0 0 11206
257 100 1090 6 1 2 11237
262 131 1067 -4 2 -2 11263
249 153 1087 -5 3 -3 11289
209 128 1115 -3 6 -2 11319
171 150 1203 -11 4 -4 11355
152 174 1245 -14 3 -2 11378
153 143 1199 -11 -2 2 11408
201 100 1078 -8 -3 3 11439
232 81 1006 3 -7 1 11468
249 84 1019 10 -6 0 11495
243 56 1041 3 -3 -1 11523
271 44 976 2 -10 -3 11552
284 43 918 6 -8 -2 11577
300 17 878 18 -12 1 11607
311 8 906 21 -7 2 11635
326 20 961 19 -12 0 11661
350 31 938 17 -11 -2 11687
375 93 904 1 3 0 11721
344 98 938 -7 8 -1 11742
300 100 1063 -12 7 -2 11777
254 112 1202 -16 9 -4 11801
249 96 1244 -10 14 -10 11830
194 126 1218 -14 5 -2 11861
188 124 1203 -3 5 1 11892
199 108 1204 2 1 2 11920
208 120 1212 2 0 1 11945
217 84 1186 1 -5 0 11974
237 85 1189 5 -4 -2 12000
226 85 1195 1 -1 -1 12030
235 68 1166 -1 -3 -1 12055
256 65 1134 -5 -1 -3 12086
256 62 1133 0 0 -1 12115
259 31 1115 1 0 1 12143
259 40 1082 0 -2 0 12168
261 47 1052 0 -1 -2 12194
282 54 1025 3 -2 -1 12223
283 43 978 5 -2 1 12252
284 60 949 7 -2 -1 12278
288 75 984 5 -1 -1 12308
275 82 1020 3 -1 0 12331
255 85 1047 -3 -2 -2 12359
250 106 1057 -6 1 -3 12387
259 81 1066 1 1 0 12417
268 79 1074 6 1 1 12441
270 67 1063 6 0 1 12473
284 82 1073 3 1 -2 12497
276 70 1093 3 1 -1 12520
257 79 1103 4 -1 0 12548
234 87 1113 -3 2 -3 12577
234 97 1133 -2 0 -3 12602
233 112 1133 2 2 -1 12632
241 107 1120 3 1 0 12660
241 118 1117 0 2 -2 12687
223 144 1132 0 0 -3 12715
213 142 1127 -1 0 -3 12742
220 131 1076 0 -1 -2 12772
248 118 954 11 -2 1 12804
258 100 936 14 -3 1 12832
248 129 1000 11 -5 -1 12857
247 150 1038 -1 -5 -4 12888
281 153 1027 -6 -1 -4 12918
274 124 1006 0 2 -1 12948
255 103 1049 -4 3 -2 12976
224 137 1145 -14 3 -5 13006
198 151 1147 -18 3 -5 13035
219 89 1036 -11 1 -4 13070
233 59 969 10 -4 1 13095
238 93 988 20 -3 3 13122
214 87 1054 17 -8 3 13147
245 76 1062 9 -14 0 13177
312 94 1027 9 -7 0 13204
318 56 1022 16 -4 4 13233
324 20 1031 13 0 2 13259
338 50 1092 -2 3 -4 13287
353 56 1059 -1 3 -4 13315
344 34 1045 8 6 -1 13344
315 61 1093 13 5 0 13366
266 129 1181 8 5 -2 13397
217 171 1233 -1 5 -3 13426
201 209 1205 -6 5 -5 13455
187 238 1201 -5 4 -4 13484
153 230 1258 4 4 0 13516
153 234 1275 3 0 -1 13540
185 236 1254 -5 2 -2 13567
233 175 1203 -2 3 1 13597
260 124 1142 14 2 3 13625
290 103 1149 10 0 1 13653
290 127 1181 -5 -1 -1 13682
274 93 1135 -12 -2 -2 13711
264 77 1110 -9 -1 -5 13741
229 92 1122 -1 0 -2 13771
231 76 1092 2 -2 0 13799
257 88 1063 2 -4 -1 13824
273 149 1003 9 -5 3 13854
309 108 891 17 -3 8 13885
349 86 855 26 -4 5 13911
356 123 872 28 -5 5 13936
348 119 888 19 -5 5 13965
345 144 890 -1 -3 -4 13993
337 179 901 -3 -2 -4 14023
320 186 940 5 6 -2 14054
297 204 1068 2 7 -2 14079
278 264 1175 -5 6 -6 14105
258 264 1200 -14 1 0 14138
269 210 1204 -5 3 -3 14163
203 299 1303 1 7 -3 14194
174 327 1449 -10 11 -2 14222
200 217 1487 -12 0 -4 14254
208 268 1398 -7 7 -4 14284
173 180 1342 -5 9 -3 14312
166 173 1360 -8 2 -8 14341
175 186 1296 -5 3 -8 14372
224 102 1194 -1 -8 -4 14399
295 95 1069 17 -13 -4 14435
304 97 1000 24 -12 -4 14459
320 119 937 18 -4 3 14491
352 165 937 21 -8 0 14518
351 164 895 12 -2 -3 14547
343 191 909 -1 1 -6 14577
323 216 917 -3 5 -8 14602
280 212 957 -6 6 -7 14632
250 242 1014 -12 8 -8 14660
226 263 1065 -5 4 -1 14690
236 225 1071 4 5 1 14719
242 233 1129 4 3 3 14747
246 236 1161 1 1 2 14773
248 238 1188 -3 4 0 14799
238 226 1321 -8 7 -4 14835
224 217 1399 -12 9 -6 14857
179 225 1479 -25 10 -9 14888
128 255 1503 -40 11 -12 14920
103 183 1525 -42 7 -7 14956
90 158 1522 -35 8 -2 14980
79 120 1411 -21 -1 -2 15012
109 60 1322 -18 -6 -3 15039
214 12 1065 -11 -19 -3 15072
268 68 853 1 -19 -6 15102
282 105 780 2 -13 -7 15129
324 21 763 2 -19 -15 15161
339 12 764 0 -14 -14 15187
383 -23 752 17 -29 -13 15218
423 16 644 25 -5 -5 15248
398 46 691 20 2 -2 15277
380 63 796 11 5 -2 15304
353 83 917 5 13 -1 15333
312 93 983 -1 15 -1 15356
244 146 1086 -11 12 -2 15387
187 168 1128 -13 7 -2 15417
183 146 1111 -8 6 0 15447
148 155 1155 9 1 1 15482
135 110 1170 9 -3 0 15504
144 78 1198 10 -9 -1 15531
159 108 1192 15 -8 2 15560
209 68 1142 9 -10 1 15589
249 34 1117 4 -11 0 15615
295 40 1093 4 -8 0 15645
329 21 1086 0 -3 1 15675
342 -2 1123 -4 3 -2 15700
328 12 1118 -7 7 -3 15725
295 12 1095 -10 6 -3 15755
264 18 1105 -5 3 -2 15784
234 27 1098 1 2 0 15813
229 36 1107 6 -1 -1 15838
233 51 1094 6 -1 0 15865
252 68 1044 7 -1 1 15893
279 83 1015 8 1 1 15921
285 67 1013 9 1 2 15945
281 66 1022 8 2 0 15972
259 87 1052 1 3 -1 15999
232 105 1060 -4 5 -2 16030
220 96 1055 -5 3 -2 16053
211 109 1055 -1 0 0 16083
191 118 1060 4 -1 1 16111
173 131 1107 5 -2 2 16139
176 148 1142 2 -3 4 16167
190 154 1128 0 -3 5 16193
237 152 1100 0 -3 4 16223
274 128 1115 -3 -1 1 16252
273 75 1163 -11 4 -2 16281
250 46 1221 -19 5 -5 16309
233 25 1244 -19 6 -5 16338
223 -34 1204 -13 5 -4 16369
232 -29 1160 -7 -3 -3 16397
237 -4 1134 2 -4 0 16428
248 10 1104 3 -5 0 16456
237 21 1095 1 -3 -1 16481
223 39 1108 1 -1 -3 16510
239 29 1087 3 -2 -1 16538
246 32 1037 3 -3 -1 16568
268 33 1004 3 -5 -2 16595
288 36 984 7 -5 -1 16620
294 29 973 8 1 0 16649
275 39 1024 4 2 -1 16675
247 54 1054 1 2 -3 16700
234 43 1025 0 -2 -1 16728
263 42 989 6 -5 0 16757
271 56 962 9 -3 0 16782
270 51 962 7 -3 -1 16808
271 72 1005 6 -4 -2 16836
258 99 1008 5 -2 -1 16864
243 101 1028 3 0 -2 16892
229 100 1074 1 1 -2 16918
212 104 1094 -2 -2 -1 16948
243 80 1057 -2 -4 0 16978
275 59 1024 3 -3 1 17005
270 49 1062 4 0 -1 17034
270 41 1114 1 1 -1 17059
274 29 1122 -6 4 -1 17096
283 18 1095 -7 10 -2 17118
